4952
4968
4984
5002
5014
5030
5042
5055
5070
5079
5097
5105
5111
5122
5138
5152
5159
5167
5175
5186
5195
5204
5212
5218
5228
5237
5248
5254
5256
5266
5267
5271
5278
5279
5287
5289
5291
5294
5298
5293
5301
5298
5299
5300
5293
5292
5289
5287
5288
5276
5272
5259
5258
5253
5244
5237
5225
5219
5204
5196
5180
5167
5152
5138
5126
5111
5097
5082
5061
5043
5024
5000
4979
4959
4939
4917
4892
4871
4847
4820
4800
4776
4748
4720
4685
4659
4636
4606
4576
4542
4516
4484
4450
4424
4394
4358
4325
4293
4257
4226
4186
4150
4112
4082
4041
4009
3976
3935
3906
3866
3831
3793
3747
3713
3677
3639
3601
3563
3527
3489
3449
3411
3373
3334
3295
3263
3227
3188
3150
3116
3078
3040
3006
2968
2929
2889
2854
2819
2781
2748
2713
2672
2640
2598
2563
2535
2494
2460
2425
2392
2355
2327
2291
2257
2220
2184
2154
2119
2084
2049
2017
1983
1949
1910
1880
1848
1806
1770
1740
1699
1667
1632
1596
1558
1526
1487
1453
1415
1380
1345
1305
1265
1230
1191
1153
1114
1070
1032
985
940
896
855
809
764
724
669
626
570
521
476
422
368
317
264
205
148
95
33
-25
-85
-146
-206
-271
-338
-403
-463
-534
-598
-665
-728
-805
-876
-944
-1023
-1093
-1172
-1245
-1321
-1394
-1469
-1550
-1626
-1706
-1784
-1872
-1947
-2025
-2111
-2193
-2278
-2361
-2447
-2530
-2611
-2695
-2783
-2861
-2950
-3037
-3122
-3206
-3287
-3381
-3464
-3545
-3632
-3714
-3797
-3886
-3967
-4051
-4133
-4221
-4302
-4384
-4472
-4552
-4630
-4713
-4797
-4882
-4958
-5040
-5115
-5189
-5266
-5349
-5424
-5494
-5566
-5638
-5706
-5781
-5844
-5916
-5986
-6044
-6114
-6182
-6241
-6309
-6371
-6427
-6487
-6544
-6594
-6645
-6699
-6748
-6800
-6847
-6894
-6939
-6984
-7030
-7067
-7109
-7146
-7184
-7221
-7251
-7280
-7315
-7342
-7369
-7393
-7413
-7444
-7464
-7488
-7504
-7519
-7537
-7555
-7567
-7575
-7587
-7597
-7603
-7608
-7616
-7610
-7611
-7614
-7614
-7608
-7610
-7602
-7603
-7594
-7582
-7577
-7564
-7547
-7541
-7529
-7515
-7502
-7488
-7470
-7447
-7431
-7414
-7398
-7380
-7360
-7339
-7322
-7300
-7282
-7256
-7232
-7207
-7185
-7161
-7133
-7108
-7085
-7057
-7037
-7011
-6979
-6955
-6929
-6907
-6882
-6853
-6830
-6805
-6783
-6762
-6731
-6706
-6680
-6656
-6630
-6603
-6577
-6556
-6529
-6503
-6483
-6458
-6433
-6408
-6385
-6360
-6341
-6319
-6296
-6275
-6253
-6235
-6216
-6190
-6178
-6157
-6144
-6127
-6107
-6092
-6075
-6064
-6050
-6031
-6019
-6006
-5993
-5988
-5974
-5961
-5951
-5946
-5942
-5927
-5924
-5916
-5905
-5900
-5899
-5892
-5886
-5886
-5882
-5881
-5873
-5871
-5872
-5870
-5873
-5870
-5874
-5873
-5869
-5869
-5874
-5876
-5881
-5882
-5884
-5893
-5894
-5899
-5903
-5903
-5908
-5912
-5922
-5927
-5938
-5945
-5953
-5959
-5970
-5983
-5992
-6005
-6010
-6022
-6041
-6051
-6063
-6085
-6098
-6113
-6125
-6146
-6159
-6183
-6197
-6204
-6229
-6244
-6265
-6289
-6313
-6332
-6350
-6372
-6400
-6421
-6445
-6463
-6486
-6511
-6536
-6564
-6584
-6610
-6633
-6661
-6682
-6708
-6734
-6765
-6784
-6809
-6832
-6860
-6881
-6905
-6929
-6951
-6978
-7001
-7022
-7045
-7067
-7089
-7114
-7137
-7157
-7182
-7198
-7224
-7234
-7252
-7270
-7285
-7301
-7318
-7335
-7349
-7364
-7376
-7395
-7401
-7416
-7428
-7432
-7441
-7449
-7456
-7464
-7461
-7466
-7472
-7474
-7476
-7473
-7472
-7468
-7466
-7464
-7458
-7454
-7445
-7437
-7431
-7419
-7412
-7397
-7386
-7374
-7352
-7344
-7324
-7301
-7285
-7266
-7244
-7227
-7196
-7168
-7147
-7121
-7097
-7063
-7031
-6998
-6966
-6932
-6897
-6862
-6824
-6794
-6755
-6712
-6673
-6631
-6589
-6547
-6503
-6460
-6409
-6367
-6318
-6264
-6227
-6178
-6129
-6077
-6031
-5984
-5932
-5882
-5834
-5781
-5731
-5679
-5629
-5585
-5530
-5478
-5431
-5381
-5334
-5287
-5228
-5186
-5136
-5094
-5044
-5000
-4958
-4908
-4866
-4822
-4775
-4730
-4688
-4652
-4609
-4564
-4525
-4485
-4448
-4407
-4371
-4339
-4300
-4260
-4225
-4193
-4161
-4128
-4100
-4066
-4037
-4006
-3980
-3949
-3920
-3895
-3864
-3844
-3817
-3794
-3765
-3749
-3723
-3701
-3677
-3651
-3634
-3610
-3588
-3566
-3546
-3523
-3505
-3486
-3468
-3452
-3425
-3406
-3388
-3368
-3353
-3339
-3314
-3300
-3286
-3262
-3241
-3223
-3208
-3189
-3168
-3149
-3125
-3105
-3088
-3059
-3041
-3015
-2993
-2968
-2949
-2926
-2902
-2872
-2847
-2818
-2791
-2763
-2731
-2701
-2668
-2636
-2606
-2571
-2539
-2501
-2463
-2432
-2381
-2340
-2306
-2266
-2220
-2173
-2126
-2083
-2036
-1981
-1931
-1882
-1833
-1773
-1720
-1664
-1606
-1544
-1486
-1424
-1362
-1297
-1236
-1168
-1102
-1035
-971
-897
-824
-759
-683
-615
-542
-470
-396
-312
-242
-171
-91
-17
66
141
218
301
379
459
537
615
691
772
853
932
1014
1088
1163
1249
1323
1404
1479
1556
1633
1708
1783
1857
1937
2011
2084
2157
2228
2295
2373
2446
2519
2588
2651
2720
2797
2860
2926
2995
3063
3124
3189
3245
3311
3374
3430
3491
3552
3606
3664
3715
3771
3825
3876
3927
3973
4023
4068
4115
4157
4202
4246
4289
4330
4368
4403
4439
4473
4508
4540
4576
4607
4635
4659
4686
4713
4737
4765
4783
4808
4825
4839
4858
4875
4890
4909
4917
4927
4935
4953
4963
4970
4979
4982
4983
4984
4985
4985
4986
4986
4981
4983
4983
4973
4971
4967
4962
4953
4946
4942
4939
4929
4921
4916
4905
4900
4892
4879
4874
4859
4852
4844
4829
4820
4810
4803
4797
4784
4773
4768
4759
4752
4746
4738
4729
4727
4720
4716
4711
4713
4707
4701
4700
4701
4700
4698
4700
4699
4703
4705
4710
4713
4718
4715
4719
4732
4734
4743
4753
4763
4767
4781
4789
4798
4818
4821
4834
4847
4865
4878
4888
4911
4927
4945
4955
4978
5000
5016
5035
5051
5074
5096
5113
5137
5161
5180
5206
5232
5254
5280
5310
5338
5365
5396
5421
5454
5478
5507
5539
5571
5601
5633
5657
5693
5723
5758
5795
5828
5862
5894
5929
5960
5995
6033
6070
6107
6142
6172
6215
6247
6287
6333
6368
6407
6443
6483
6518
6560
6597
6631
6670
6707
6749
6790
6828
6864
6902
6939
6977
7016
7050
7085
7122
7155
7194
7236
7270
7309
7349
7382
7418
7453
7487
7517
7553
7587
7617
7656
7688
7718
7754
7781
7811
7835
7865
7901
7929
7950
7981
8007
8031
8057
8082
8097
8119
8145
8167
8183
8203
8214
8232
8250
8263
8276
8293
8302
8309
8313
8320
8324
8324
8330
8330
8334
8330
8328
8326
8319
8312
8304
8298
8284
8274
8261
8246
8229
8219
8194
8180
8158
8136
8118
8087
8060
8032
8006
7976
7943
7914
7881
7847
7811
7774
7734
7696
7644
7608
7572
7533
7484
7441
7395
7345
7302
7256
7204
7159
7110
7062
7013
6960
6906
6858
6805
6752
6697
6644
6593
6542
6491
6435
6385
6334
6280
6226
6166
6118
6063
6009
5957
5907
5853
5801
5750
5704
5649
5600
5551
5503
5452
5402
5351
5305
5260
5207
5160
5114
5067
5024
4981
4931
4891
4846
4803
4761
4722
4675
4635
4596
4560
4519
4475
4435
4395
4364
4327
4290
4252
4221
4184
4149
4116
4079
4050
4020
3988
3954
3926
3899
3868
3839
3811
3786
3761
3730
3706
3680
3656
3634
3609
3590
3563
3548
3525
3501
3485
3467
3443
3431
3409
3390
3371
3355
3339
3317
3306
3287
3269
3254
3244
3226
3210
3197
3178
3166
3159
3137
3120
3112
3093
3079
3066
3054
3039
3027
3014
2999
2990
2976
2956
2941
2934
2914
2901
2887
2867
2850
2830
2814
2799
2778
2760
2735
2718
2702
2677
2655
2634
2609
2591
2570
2545
2521
2497
2478
2453
2426
2397
2368
2348
2316
2284
2255
2224
2197
2157
2125
2097
2065
2028
1992
1963
1921
1887
1849
1810
1769
1724
1684
1642
1599
1556
1513
1470
1424
1372
1331
1282
1234
1189
1136
1094
1041
988
941
881
830
778
730
671
623
564
508
449
393
341
280
229
175
116
52
-5
-64
-116
-179
-233
-295
-356
-418
-477
-531
-596
-655
-715
-772
-833
-889
-953
-1019
-1077
-1138
-1195
-1255
-1315
-1378
-1440
-1498
-1556
-1623
-1685
-1745
-1808
-1867
-1924
-1990
-2053
-2112
-2173
-2233
-2296
-2358
-2415
-2480
-2538
-2600
-2665
-2730
-2792
-2852
-2913
-2975
-3039
-3098
-3159
-3217
-3285
-3343
-3402
-3460
-3525
-3595
-3648
-3712
-3770
-3823
-3888
-3950
-4011
-4067
-4129
-4190
-4240
-4298
-4362
-4417
-4477
-4534
-4588
-4642
-4700
-4751
-4807
-4857
-4915
-4968
-5023
-5075
-5119
-5173
-5229
-5275
-5328
-5379
-5425
-5479
-5524
-5574
-5626
-5674
-5723
-5768
-5820
-5869
-5910
-5962
-6010
-6056
-6104
-6150
-6200
-6246
-6292
-6339
-6390
-6433
-6478
-6529
-6575
-6621
-6670
-6719
-6762
-6816
-6859
-6908
-6954
-6999
-7047
-7096
-7142
-7188
-7239
-7289
-7340
-7388
-7436
-7489
-7538
-7588
-7635
-7687
-7737
-7788
-7832
-7888
-7945
-7987
-8041
-8092
-8138
-8195
-8245
-8301
-8350
-8402
-8446
-8501
-8548
-8601
-8648
-8699
-8747
-8792
-8847
-8888
-8942
-8992
-9033
-9083
-9130
-9181
-9222
-9267
-9311
-9351
-9397
-9430
-9473
-9512
-9551
-9587
-9623
-9654
-9688
-9727
-9755
-9785
-9820
-9846
-9873
-9896
-9921
-9944
-9969
-9991
-10008
-10027
-10041
-10059
-10071
-10079
-10090
-10104
-10112
-10116
-10124
-10132
-10134
-10129
-10134
-10137
-10132
-10128
-10119
-10113
-10110
-10104
-10089
-10079
-10058
-10045
-10032
-10013
-10000
-9975
-9961
-9940
-9914
-9894
-9866
-9843
-9821
-9790
-9764
-9731
-9706
-9671
-9637
-9606
-9573
-9535
-9502
-9468
-9425
-9394
-9352
-9319
-9272
-9231
-9190
-9153
-9106
-9064
-9023
-8973
-8928
-8884
-8843
-8789
-8749
-8697
-8647
-8600
-8555
-8507
-8453
-8405
-8354
-8300
-8247
-8193
-8148
-8095
-8040
-7989
-7937
-7883
-7826
-7778
-7722
-7667
-7618
-7559
-7503
-7455
-7400
-7344
-7289
-7229
-7179
-7123
-7069
-7013
-6954
-6897
-6842
-6786
-6731
-6677
-6619
-6562
-6501
-6445
-6393
-6336
-6281
-6221
-6164
-6109
-6054
-5997
-5935
-5880
-5822
-5764
-5705
-5654
-5592
-5539
-5475
-5417
-5360
-5299
-5243
-5183
-5133
-5069
-5007
-4954
-4892
-4833
-4776
-4716
-4658
-4596
-4534
-4474
-4416
-4352
-4287
-4231
-4168
-4097
-4038
-3977
-3913
-3850
-3790
-3724
-3661
-3596
-3525
-3465
-3394
-3334
-3267
-3205
-3137
-3075
-3006
-2945
-2874
-2797
-2737
-2666
-2603
-2534
-2470
-2395
-2324
-2256
-2184
-2116
-2040
-1964
-1903
-1822
-1746
-1669
-1596
-1519
-1445
-1368
-1296
-1211
-1139
-1064
-991
-906
-827
-740
-658
-580
-496
-418
-329
-246
-159
-75
7
91
173
264
351
431
527
614
699
793
882
974
1062
1155
1245
1335
1424
1520
1607
1693
1787
1872
1960
2053
2145
2228
2320
2412
2500
2584
2675
2766
2852
2938
3027
3110
3199
3286
3368
3450
3533
3619
3709
3783
3861
3946
4024
4105
4184
4262
4336
4414
4489
4561
4640
4712
4787
4860
4927
4998
5072
5137
5207
5275
5350
5417
5486
5551
5616
5682
5741
5809
5875
5939
6003
6068
6134
6194
6253
6310
6371
6435
6492
6551
6619
6676
6730
6789
6848
6902
6956
7012
7063
7118
7176
7229
7285
7338
7390
7442
7488
7542
7591
7638
7690
7738
7784
7837
7880
7930
7973
8020
8070
8112
8164
8205
8248
8290
8332
8373
8415
8453
8497
8536
8575
8614
8656
8695
8726
8769
8804
8838
8870
8905
8941
8969
9007
9041
9068
9098
9134
9161
9191
9218
9245
9273
9302
9328
9350
9381
9403
9426
9453
9471
9498
9514
9534
9558
9577
9593
9611
9628
9644
9656
9670
9684
9698
9706
9717
9721
9731
9740
9742
9749
9751
9759
9760
9762
9758
9757
9755
9746
9751
9737
9727
9722
9713
9702
9690
9673
9656
9640
9619
9602
9582
9561
9537
9511
9489
9462
9433
9404
9370
9338
9303
9266
9234
9198
9152
9106
9065
9023
8971
8921
8877
8824
8779
8726
8670
8614
8554
8495
8439
8380
8311
8245
8180
8113
8043
7980
7907
7833
7760
7683
7614
7536
7457
7383
7306
7223
7140
7058
6973
6888
6803
6718
6629
6545
6450
6357
6268
6175
6084
5992
5900
5801
5704
5609
5511
5415
5317
5217
5123
5020
4922
4822
4723
4620
4520
4424
4319
4221
4122
4017
3920
3819
3715
3617
3512
3412
3314
3209
3107
3015
2915
2812
2719
2614
2514
2422
2319
2225
2133
2031
1939
1851
1750
1662
1573
1484
1395
1303
1209
1120
1033
949
867
784
697
615
528
453
376
295
223
142
71
-8
-75
-144
-214
-285
-353
-420
-488
-550
-611
-673
-739
-794
-858
-913
-969
-1028
-1077
-1136
-1188
-1234
-1288
-1340
-1388
-1437
-1486
-1529
-1574
-1621
-1662
-1706
-1745
-1785
-1827
-1863
-1900
-1939
-1973
-2010
-2045
-2080
-2112
-2145
-2176
-2209
-2236
-2265
-2297
-2315
-2344
-2368
-2387
-2412
-2433
-2459
-2480
-2497
-2520
-2540
-2561
-2578
-2591
-2606
-2622
-2636
-2651
-2662
-2669
-2686
-2693
-2702
-2715
-2719
-2721
-2730
-2736
-2738
-2746
-2744
-2749
-2749
-2747
-2747
-2749
-2751
-2742
-2738
-2733
-2725
-2718
-2713
-2702
-2692
-2686
-2681
-2666
-2651
-2637
-2617
-2611
-2591
-2577
-2564
-2541
-2527
-2502
-2485
-2464
-2444
-2420
-2395
-2372
-2346
-2320
-2296
-2268
-2241
-2214
-2187
-2162
-2128
-2096
-2063
-2028
-2001
-1968
-1932
-1900
-1864
-1832
-1797
-1760
-1728
-1694
-1654
-1620
-1580
-1545
-1507
-1468
-1434
-1397
-1361
-1322
-1285
-1253
-1219
-1179
-1141
-1107
-1065
-1029
-997
-963
-933
-898
-869
-835
-803
-779
-742
-713
-683
-655
-631
-605
-580
-552
-525
-502
-483
-459
-445
-419
-403
-390
-373
-356
-344
-327
-318
-306
-293
-284
-277
-267
-264
-259
-259
-259
-255
-253
-259
-257
-258
-260
-262
-268
-273
-284
-287
-301
-310
-318
-334
-344
-356
-360
-378
-393
-404
-422
-434
-454
-467
-486
-503
-518
-534
-555
-576
-595
-612
-630
-650
-672
-691
-713
-736
-751
-773
-791
-815
-830
-849
-873
-888
-907
-929
-950
-966
-987
-1001
-1024
-1036
-1055
-1071
-1081
-1099
-1110
-1132
-1143
-1158
-1166
-1179
-1195
-1201
-1215
-1222
-1238
-1249
-1257
-1263
-1271
-1278
-1284
-1285
-1294
-1295
-1302
-1305
-1303
-1308
-1310
-1308
-1305
-1306
-1307
-1300
-1296
-1295
-1288
-1282
-1274
-1272
-1267
-1256
-1246
-1241
-1232
-1221
-1215
-1202
-1192
-1180
-1172
-1154
-1136
-1124
-1108
-1092
-1078
-1060
-1039
-1021
-1001
-991
-969
-943
-928
-912
-893
-873
-849
-835
-811
-792
-771
-749
-727
-702
-682
-659
-638
-617
-595
-576
-548
-525
-506
-478
-457
-435
-419
-399
-370
-348
-322
-301
-278
-255
-235
-220
-193
-176
-159
-137
-122
-100
-89
-62
-48
-28
-14
4
22
37
57
70
82
99
118
128
147
159
175
183
190
206
214
229
236
248
259
263
280
286
292
301
305
314
318
326
332
338
343
345
351
359
364
365
371
370
369
373
375
376
378
369
372
373
367
368
359
360
355
350
349
347
340
333
321
316
317
304
292
282
276
268
262
250
238
224
215
203
190
181
166
157
140
130
120
110
90
82
66
49
33
18
6
-8
-20
-33
-51
-62
-79
-95
-110
-125
-143
-162
-178
-199
-214
-230
-252
-268
-279
-298
-314
-329
-346
-364
-383
-400
-416
-439
-454
-471
-490
-505
-525
-539
-562
-579
-591
-612
-630
-646
-671
-691
-710
-724
-744
-757
-780
-797
-810
-828
-843
-862
-879
-894
-912
-923
-940
-964
-975
-994
-1006
-1023
-1040
-1054
-1075
-1091
-1110
-1124
-1136
-1153
-1173
-1187
-1202
-1219
-1233
-1253
-1262
-1284
-1291
-1308
-1322
-1337
-1349
-1364
-1378
-1395
-1405
-1417
-1430
-1446
-1461
-1469
-1485
-1497
-1507
-1517
-1525
-1540
-1548
-1560
-1570
-1579
-1596
-1606
-1612
-1623
-1624
-1635
-1644
-1652
-1659
-1661
-1672
-1684
-1682
-1691
-1695
-1701
-1707
-1712
-1722
-1724
-1724
-1723
-1734
-1738
-1737
-1735
-1737
-1739
-1739
-1742
-1747
-1743
-1739
-1740
-1738
-1737
-1730
-1731
-1726
-1727
-1722
-1721
-1716
-1713
-1706
-1698
-1696
-1685
-1682
-1671
-1666
-1653
-1646
-1642
-1635
-1628
-1614
-1605
-1597
-1589
-1577
-1561
-1554
-1537
-1525
-1510
-1493
-1482
-1467
-1454
-1441
-1425
-1412
-1395
-1378
-1364
-1346
-1326
-1311
-1296
-1279
-1263
-1238
-1220
-1198
-1182
-1159
-1139
-1121
-50647
