3805
3778
3762
3749
3731
3717
3698
3678
3661
3646
3624
3604
3581
3563
3535
3512
3493
3464
3445
3421
3391
3371
3347
3318
3293
3265
3235
3206
3176
3151
3118
3090
3054
3026
2995
2958
2927
2896
2858
2824
2788
2752
2713
2678
2645
2607
2574
2536
2495
2456
2418
2375
2337
2296
2260
2218
2180
2136
2095
2052
2011
1973
1927
1883
1841
1802
1754
1716
1672
1625
1578
1539
1494
1446
1398
1352
1307
1262
1222
1174
1127
1081
1037
991
943
896
855
807
762
716
668
621
577
540
491
446
399
354
312
263
223
182
135
94
47
7
-32
-75
-113
-155
-193
-232
-270
-307
-346
-377
-414
-450
-483
-519
-546
-574
-605
-631
-661
-689
-710
-731
-763
-783
-801
-826
-840
-854
-876
-891
-906
-912
-922
-932
-943
-947
-952
-960
-964
-966
-965
-969
-962
-959
-954
-948
-939
-929
-912
-902
-887
-876
-855
-843
-821
-801
-785
-765
-745
-721
-697
-677
-647
-620
-590
-562
-534
-501
-477
-444
-411
-375
-340
-310
-275
-241
-209
-173
-136
-99
-60
-27
13
48
89
125
166
198
242
286
320
356
394
430
471
507
543
584
620
656
693
726
766
797
830
868
901
935
967
1004
1029
1061
1093
1120
1155
1180
1210
1236
1264
1286
1311
1332
1351
1372
1396
1418
1440
1460
1483
1499
1506
1522
1539
1550
1564
1570
1580
1591
1600
1610
1609
1614
1616
1618
1619
1617
1615
1615
1610
1604
1599
1589
1578
1565
1561
1547
1534
1521
1501
1484
1462
1446
1422
1397
1373
1345
1318
1293
1259
1227
1192
1156
1124
1088
1049
1006
964
923
886
838
786
743
693
647
599
544
488
432
373
321
263
208
153
91
28
-37
-103
-172
-236
-300
-364
-430
-504
-570
-632
-702
-770
-837
-905
-974
-1044
-1117
-1188
-1252
-1327
-1397
-1463
-1531
-1600
-1668
-1740
-1812
-1880
-1947
-2015
-2078
-2142
-2207
-2276
-2336
-2403
-2465
-2522
-2583
-2642
-2705
-2766
-2822
-2878
-2933
-2987
-3042
-3097
-3146
-3200
-3248
-3293
-3346
-3395
-3440
-3479
-3523
-3565
-3609
-3652
-3690
-3729
-3759
-3799
-3831
-3860
-3890
-3923
-3958
-3981
-4014
-4034
-4058
-4087
-4108
-4131
-4148
-4168
-4184
-4208
-4217
-4238
-4255
-4267
-4278
-4292
-4307
-4316
-4329
-4333
-4346
-4352
-4357
-4365
-4370
-4380
-4381
-4380
-4386
-4389
-4387
-4392
-4392
-4392
-4386
-4381
-4378
-4377
-4370
-4366
-4365
-4349
-4350
-4344
-4335
-4327
-4317
-4307
-4298
-4290
-4275
-4265
-4252
-4245
-4234
-4219
-4206
-4193
-4178
-4165
-4152
-4137
-4121
-4107
-4094
-4079
-4061
-4046
-4033
-4015
-4006
-3989
-3969
-3956
-3943
-3926
-3910
-3897
-3879
-3865
-3848
-3829
-3816
-3803
-3783
-3772
-3760
-3741
-3728
-3722
-3704
-3690
-3680
-3670
-3653
-3652
-3642
-3630
-3621
-3614
-3604
-3595
-3589
-3579
-3577
-3571
-3572
-3569
-3562
-3556
-3561
-3558
-3547
-3549
-3545
-3551
-3549
-3544
-3549
-3546
-3556
-3548
-3551
-3551
-3552
-3562
-3559
-3563
-3562
-3565
-3572
-3574
-3576
-3579
-3582
-3578
-3575
-3581
-3579
-3581
-3580
-3574
-3575
-3578
-3575
-3572
-3567
-3561
-3558
-3547
-3538
-3532
-3529
-3516
-3505
-3494
-3482
-3472
-3460
-3447
-3435
-3417
-3398
-3376
-3361
-3339
-3312
-3292
-3267
-3243
-3218
-3192
-3163
-3133
-3102
-3070
-3038
-3006
-2974
-2935
-2899
-2858
-2817
-2775
-2733
-2690
-2642
-2597
-2555
-2508
-2459
-2416
-2362
-2308
-2264
-2210
-2160
-2102
-2048
-1995
-1939
-1882
-1827
-1765
-1705
-1648
-1587
-1530
-1465
-1403
-1341
-1277
-1210
-1147
-1081
-1013
-946
-884
-812
-741
-667
-603
-527
-452
-386
-308
-236
-159
-82
-9
67
153
226
303
387
463
544
627
711
795
877
963
1039
1129
1217
1303
1388
1473
1570
1655
1743
1840
1935
2023
2113
2212
2305
2395
2495
2587
2684
2788
2886
2981
3080
3179
3284
3381
3483
3584
3684
3786
3888
3988
4094
4199
4298
4403
4507
4607
4714
4819
4917
5021
5127
5230
5333
5437
5543
5646
5747
5843
5949
6049
6151
6256
6354
6453
6551
6652
6752
6855
6954
7054
7154
7246
7343
7434
7534
7632
7728
7829
7918
8010
8106
8195
8288
8377
8463
8557
8647
8736
8823
8904
8985
9068
9158
9238
9318
9398
9479
9562
9639
9716
9792
9868
9943
10011
10086
10161
10229
10297
10361
10432
10499
10561
10628
10687
10751
10811
10868
10930
10982
11036
11082
11131
11183
11231
11279
11322
11362
11396
11442
11481
11511
11545
11576
11600
11631
11654
11675
11696
11712
11728
11742
11751
11765
11772
11772
11775
11766
11761
11757
11747
11734
11722
11702
11679
11656
11623
11594
11564
11526
11487
11437
11391
11341
11292
11241
11172
11111
11040
10970
10893
10815
10741
10647
10565
10466
10377
10272
10168
10064
9949
9841
9721
9599
9478
9349
9214
9076
8939
8798
8654
8505
8350
8193
8042
7873
7706
7539
7368
7190
7012
6830
6648
6466
6270
6080
5880
5681
5484
5278
5071
4860
4646
4437
4220
4001
3776
3559
3334
3109
2881
2654
2416
2189
1955
1719
1485
1241
1000
759
517
270
26
-221
-464
-705
-957
-1205
-1451
-1695
-1945
-2199
-2445
-2693
-2941
-3194
-3447
-3690
-3938
-4189
-4437
-4681
-4926
-5172
-5414
-5653
-5895
-6136
-6375
-6613
-6849
-7084
-7323
-7554
-7784
-8009
-8240
-8462
-8684
-8910
-9129
-9345
-9560
-9773
-9981
-10190
-10394
-10604
-10800
-10997
-11194
-11387
-11574
-11761
-11942
-12120
-12298
-12469
-12640
-12807
-12971
-13133
-13290
-13441
-13593
-13739
-13881
-14022
-14155
-14288
-14421
-14550
-14671
-14793
-14902
-15018
-15120
-15225
-15331
-15426
-15516
-15605
-15687
-15772
-15851
-15920
-15989
-16057
-16119
-16178
-16234
-16285
-16332
-16386
-16384
-16381
-16386
-16382
-16385
-16386
-16385
-16387
-16386
-16385
-16384
-16383
-16383
-16386
-16387
-16387
-16386
-16387
-16387
-16383
-16383
-16386
-16384
-16386
-16384
-16384
-16385
-16387
-16389
-16386
-16365
-16327
-16295
-16250
-16215
-16175
-16133
-16084
-16038
-15999
-15949
-15905
-15852
-15807
-15753
-15709
-15657
-15603
-15549
-15491
-15441
-15392
-15335
-15277
-15227
-15172
-15116
-15061
-15007
-14951
-14896
-14840
-14783
-14728
-14673
-14621
-14567
-14510
-14459
-14401
-14347
-14291
-14240
-14184
-14129
-14078
-14026
-13978
-13923
-13873
-13824
-13770
-13724
-13676
-13627
-13574
-13533
-13485
-13434
-13389
-13338
-13292
-13248
-13198
-13154
-13108
-13065
-13018
-12973
-12930
-12886
-12838
-12795
-12754
-12705
-12665
-12618
-12577
-12529
-12483
-12443
-12405
-12359
-12312
-12271
-12226
-12189
-12140
-12095
-12058
-12004
-11957
-11918
-11867
-11820
-11768
-11724
-11677
-11625
-11577
-11522
-11478
-11423
-11374
-11326
-11261
-11204
-11147
-11088
-11028
-10963
-10901
-10839
-10777
-10711
-10643
-10579
-10508
-10441
-10363
-10291
-10216
-10140
-10060
-9979
-9903
-9821
-9728
-9640
-9550
-9456
-9359
-9265
-9166
-9064
-8962
-8851
-8745
-8637
-8518
-8403
-8290
-8167
-8044
-7916
-7792
-7661
-7527
-7388
-7247
-7113
-6964
-6807
-6665
-6508
-6352
-6192
-6033
-5868
-5695
-5528
-5351
-5177
-4995
-4811
-4629
-4443
-4249
-4052
-3855
-3662
-3454
-3248
-3037
-2830
-2617
-2397
-2174
-1955
-1733
-1496
-1269
-1027
-793
-556
-315
-73
169
420
677
924
1183
1438
1696
1962
2222
2493
2762
3030
3305
3582
3861
4139
4421
4702
4990
5272
5563
5847
6140
6437
6733
7027
7324
7621
7924
8226
8528
8828
9136
9438
9747
10056
10359
10669
10976
11289
11601
11915
12228
12534
12849
13159
13473
13788
14096
14415
14728
15039
15351
15665
15981
16288
16381
16382
16383
16380
16382
16383
16383
16380
16385
16384
16387
16383
16382
16386
16384
16383
16384
16384
16386
16385
16385
16384
16383
16383
16381
16384
16384
16386
16383
16385
16383
16383
16383
16381
16383
16380
16384
16386
16382
16379
16384
16382
16384
16383
16382
16384
16383
16383
16384
16380
16381
16381
16382
16383
16381
16383
16380
16382
16382
16384
16387
16382
16382
16383
16384
16385
16383
16385
16382
16383
16384
16384
16385
16380
16384
16384
16382
16386
16384
16381
16385
16384
16385
16382
16383
16382
16382
16380
16385
16383
16384
16385
16383
16382
16384
16383
16382
16384
16383
16384
16384
16384
16385
16384
16383
16383
16384
16385
16382
16385
16384
16384
16385
16384
16382
16381
16382
16382
16382
16382
16387
16387
16383
16385
16383
16383
16383
16384
16386
16386
16384
16387
16386
16384
16385
16385
16386
16384
16381
16383
16385
16385
16384
16382
16384
16385
16383
16384
16385
16382
16383
16384
16383
16384
16383
16381
16382
16383
16383
16382
16385
16386
16383
16384
16386
16385
16385
16385
16385
16384
16385
16385
16383
16384
16384
16386
16384
16385
16383
16382
16386
16382
16383
16383
16386
16384
16383
16385
16384
16386
16384
16383
16387
16382
16384
16385
16386
16385
16383
16383
16382
16385
16385
16385
16386
16384
16383
16382
16383
16384
16382
16385
16385
16384
16383
16384
16385
16384
16382
16382
16382
16382
16383
16384
16380
16385
16384
16382
16383
16382
16380
16383
16384
16379
16383
16381
16384
16383
16383
16383
16383
16382
16383
16380
16381
16383
16382
16383
16382
16383
16384
16383
16382
16382
16382
16383
16382
16379
16379
16380
16380
16382
16381
16381
16381
16380
16382
16381
16384
16383
16383
16383
16380
16383
16383
16383
16382
16379
16382
16380
16378
16380
16382
16383
16381
16383
16381
16383
16386
16385
16384
16381
16384
16383
16382
16384
16384
16384
16382
16383
16382
16383
16382
16382
16384
16383
16381
16379
16380
16381
16379
16381
16382
16379
16384
16381
16382
16381
16384
16386
16133
15861
15584
15314
15033
14764
14490
14207
13930
13657
13378
13094
12817
12533
12257
11975
11697
11414
11134
10850
10570
10284
10002
9712
9430
9143
8858
8569
8280
7996
7701
7419
7124
6839
6547
6259
5963
5674
5387
5091
4800
4504
4211
3911
3618
3321
3025
2733
2433
2137
1840
1541
1241
941
644
348
43
-253
-555
-852
-1149
-1450
-1754
-2054
-2355
-2655
-2963
-3263
-3561
-3869
-4174
-4478
-4778
-5089
-5396
-5701
-6009
-6309
-6623
-6922
-7236
-7546
-7852
-8166
-8471
-8784
-9095
-9408
-9719
-10036
-10349
-10665
-10978
-11291
-11609
-11925
-12236
-12554
-12868
-13182
-13492
-13804
-14117
-14428
-14743
-15047
-15358
-15672
-15978
-16287
-16385
-16384
-16385
-16383
-16387
-16386
-16386
-16385
-16386
-16385
-16383
-16386
-16386
-16385
-16385
-16385
-16382
-16384
-16386
-16382
-16387
-16386
-16387
-16385
-16383
-16385
-16381
-16386
-16387
-16385
-16384
-16384
-16384
-16387
-16386
-16385
-16385
-16384
-16387
-16385
-16383
-16384
-16384
-16385
-16386
-16385
-16386
-16383
-16383
-16384
-16384
-16384
-16385
-16385
-16382
-16385
-16383
-16383
-16383
-16381
-16382
-16381
-16385
-16386
-16386
-16384
-16385
-16385
-16385
-16384
-16383
-16384
-16386
-16384
-16383
-16386
-16384
-16383
-16385
-16383
-16382
-16387
-16385
-16382
-16387
-16384
-16384
-16385
-16382
-16385
-16385
-16382
-16383
-16384
-16383
-16385
-16385
-16381
-16384
-16383
-16384
-16385
-16384
-16383
-16386
-16384
-16383
-16384
-16384
-16385
-16386
-16383
-16382
-16382
-16383
-16384
-16383
-16382
-16382
-16386
-16385
-16384
-16384
-16385
-16383
-16384
-16383
-16384
-16387
-16383
-16385
-16387
-16383
-16385
-16384
-16382
-16386
-16386
-16383
-16384
-16383
-16383
-16382
-16386
-16383
-16383
-16385
-16380
-16382
-16382
-16384
-16385
-16384
-16383
-16384
-16387
-16382
-16384
-16384
-16384
-16385
-16386
-16384
-16385
-16387
-16383
-16381
-16384
-16386
-16385
-16383
-16383
-16386
-16384
-16383
-16382
-16382
-16384
-16385
-16384
-16385
-16384
-16382
-16385
-16381
-16383
-16386
-16383
-16384
-16383
-16384
-16383
-16383
-16383
-16385
-16385
-16384
-16386
-16384
-16385
-16381
-16383
-16384
-16383
-16381
-16383
-16382
-16383
-16385
-16385
-16383
-16384
-16385
-16385
-16383
-16379
-16383
-16381
-16384
-16385
-16387
-16383
-16382
-16387
-16388
-16386
-16389
-16385
-16385
-16385
-16387
-16383
-16382
-16385
-16382
-16383
-16385
-16386
-16386
-16383
-16386
-16384
-16383
-16383
-16385
-16384
-16384
-16382
-16383
-16383
-16384
-16383
-16382
-16384
-16385
-16386
-16385
-16386
-16387
-16383
-16385
-16384
-16386
-16384
-16384
-16384
-16387
-16383
-16385
-16388
-16385
-16385
-16384
-16385
-16382
-16387
-16387
-16386
-16383
-16387
-16384
-16386
-16386
-16381
-16383
-16384
-16383
-16382
-16384
-16384
-16385
-16385
-16384
-16382
-16380
-16385
-16384
-16383
-16385
-16384
-16386
-16384
-16384
-16384
-16384
-16382
-16382
-16382
-16382
-16383
-16385
-16382
-16386
-16383
-16385
-16382
-16383
-16384
-16382
-16382
-16381
-16385
-16381
-16383
-16384
-16382
-16384
-16382
-16383
-16384
-16386
-16385
-16383
-16385
-16384
-16384
-16380
-16384
-16385
-16381
-16386
-16386
-16385
-16384
-16383
-16385
-16388
-16385
-16385
-16386
-16384
-16385
-16386
-16383
-16381
-16382
-16385
-16383
-16385
-16384
-16383
-16385
-16381
-16382
-16384
-16385
-16383
-16386
-16383
-16385
-16385
-16382
-16384
-16385
-16385
-16385
-16383
-16386
-16381
-16382
-16384
-16384
-16388
-16387
-16381
-16385
-16383
-16385
-16384
-16384
-16383
-16383
-16385
-16383
-16387
-16384
-16386
-16387
-16385
-16386
-16386
-16383
-16384
-16384
-16385
-16384
-16385
-16382
-16384
-16381
-16385
-16383
-16383
-16380
-16378
-16382
-16384
-16381
-16386
-16383
-16380
-16387
-16385
-16383
-16383
-16383
-16384
-16379
-16129
-15870
-15620
-15361
-15103
-14847
-14586
-14324
-14067
-13799
-13534
-13267
-12998
-12734
-12464
-12193
-11919
-11649
-11372
-11097
-10820
-10541
-10263
-9981
-9701
-9421
-9134
-8852
-8570
-8285
-7991
-7710
-7421
-7131
-6842
-6550
-6256
-5964
-5673
-5373
-5083
-4789
-4492
-4194
-3898
-3609
-3307
-3008
-2712
-2410
-2110
-1812
-1510
-1212
-906
-606
-311
-5
293
596
891
1192
1492
1789
2088
2391
2687
2981
3280
3585
3875
4169
4463
4755
5052
5349
5638
5932
6221
6515
6806
7094
7378
7663
7949
8230
8510
8793
9075
9347
9629
9902
10176
10442
10711
10978
11247
11504
11766
12025
12284
12546
12798
13045
13296
13541
13779
14024
14267
14506
14742
14972
15204
15427
15656
15877
16094
16309
16383
16384
16382
16383
16383
16382
16383
16384
16382
16382
16386
16387
16382
16383
16384
16384
16383
16384
16386
16382
16381
16382
16383
16386
16382
16385
16385
16385
16383
16384
16382
16385
16384
16384
16382
16383
16385
16384
16384
16383
16384
16385
16381
16384
16387
16387
16385
16382
16385
16386
16386
16384
16383
16384
16383
16383
16384
16384
16384
16382
16384
16383
16381
16385
16381
16384
16384
16383
16383
16380
16380
16384
16384
16384
16382
16383
16384
16382
16380
16383
16385
16384
16384
16380
16383
16383
16380
16381
16382
16383
16383
16380
16382
16381
16383
16384
16383
16381
16385
16384
16387
16385
16382
16385
16386
16387
16382
16382
16383
16383
16384
16383
16383
16385
16385
16384
16385
16385
16385
16384
16384
16384
16384
16383
16386
16386
16384
16385
16383
16384
16385
16386
16384
16385
16385
16381
16387
16383
16383
16382
16387
16387
16383
16384
16384
16383
16385
16385
16382
16384
16383
16383
16386
16387
16385
16383
16384
16382
16367
16250
16139
16029
15922
15813
15697
15586
15474
15368
15261
15149
15045
14933
14821
14709
14597
14491
14387
14278
14168
14062
13955
13857
13740
13637
13528
13422
13315
13211
13105
12999
12891
12789
12684
12585
12482
12383
12279
12177
12082
11979
11881
11783
11689
11592
11491
11397
11297
11208
11113
11020
10927
10835
10748
10658
10565
10478
10386
10301
10209
10123
10036
9945
9868
9780
9695
9613
9532
9449
9368
9291
9213
9133
9053
8976
8903
8829
8758
8679
8611
8542
8469
8399
8328
8257
8190
8131
8065
8001
7937
7877
7816
7756
7693
7639
7583
7527
7472
7420
7373
7325
7273
7225
7177
7133
7090
7040
7009
6966
6931
6893
6853
6830
6792
6760
6729
6706
6683
6654
6634
6612
6592
6573
6555
6542
6522
6521
6510
6497
6495
6490
6484
6487
6484
6491
6496
6500
6508
6520
6535
6545
6563
6578
6598
6619
6646
6673
6697
6730
6760
6788
6822
6859
6898
6938
6977
7018
7064
7114
7163
7215
7264
7314
7371
7428
7493
7551
7610
7675
7744
7810
7880
7950
8027
8108
8184
8263
8337
8421
8498
8585
8675
8763
8858
8942
9039
9134
9230
9323
9423
9531
9622
9726
9829
9928
10041
10150
10258
10365
10480
10594
10706
10822
10938
11049
11167
11285
11407
11529
11651
11773
11895
12027
12150
12272
12403
12528
12652
12785
12913
13042
13174
13306
13437
13566
13699
13830
13967
14104
14238
14374
14505
14645
14779
14918
15053
15193
15332
15472
15609
15738
15886
16022
16157
16290
16383
16383
16381
16382
16384
16384
16385
16383
16382
16383
16382
16383
16384
16385
16385
16383
16383
16385
16384
16385
16385
16384
16387
16380
16385
16384
16382
16382
16384
16382
16385
16382
16383
16384
16382
16382
16384
16384
16383
16386
16384
16385
16384
16382
16382
16385
16383
16386
16386
16383
16384
16383
16385
16385
16386
16381
16381
16384
16382
16386
16383
16382
16381
16381
16383
16382
16383
16383
16385
16383
16381
16382
16382
16383
16385
16383
16382
16382
16383
16385
16382
16386
16385
16383
16384
16386
16386
16382
16385
16382
16382
16385
16384
16384
16386
16383
16384
16383
16383
16383
16384
16386
16384
16384
16383
16383
16382
16384
16385
16385
16385
16384
16385
16384
16382
16384
16382
16384
16384
16386
16381
16384
16384
16382
16387
16386
16383
16383
16382
16383
16385
16384
16386
16385
16386
16382
16381
16384
16385
16383
16384
16386
16385
16383
16385
16382
16385
16386
16383
16385
16382
16382
16385
16382
16383
16385
16381
16381
16385
16385
16385
16383
16383
16383
16381
16384
16382
16383
16380
16382
16384
16383
16383
16384
16385
16385
16384
16384
16383
16385
16384
16384
16383
16383
16384
16384
16386
16381
16381
16384
16385
16384
16384
16382
16381
16382
16385
16385
16383
16384
16384
16383
16381
16381
16383
16382
16384
16382
16382
16384
16385
16382
16381
16385
16384
16384
16385
16381
16383
16385
16382
16382
16386
16384
16384
16385
16384
16384
16384
16386
16388
16384
16385
16386
16384
16384
16383
16385
16383
16382
16382
16384
16385
16383
16385
16384
16384
16385
16384
16382
16383
16384
16381
16380
16384
16384
16382
16384
16384
16385
16385
16383
16384
16381
16383
16383
16384
16381
16383
16385
16383
16385
16384
16385
16380
16383
16384
16383
16385
16382
16382
16382
16382
16381
16385
16384
16383
16385
16381
16384
16382
16383
16383
16384
16385
16383
16382
16383
16384
16380
16380
16379
16382
16380
16379
16380
16380
16383
16385
16380
16381
16384
16381
16383
16384
16383
16383
16385
16383
16384
16384
16386
16384
16385
16383
16383
16386
16383
16383
16384
16383
16383
16382
16382
16384
16385
16383
16380
16382
16381
16381
16382
16385
16381
16364
16124
15882
15647
15408
15159
14908
14662
14410
14162
13913
13658
13399
13151
12898
12638
12386
12126
11868
11604
11344
11089
10822
10561
10293
10028
9761
9493
9227
8958
8693
8428
8158
7886
7617
7351
7075
6805
6532
6261
5994
5723
5451
5181
4911
4640
4368
4091
3820
3549
3274
3006
2734
2463
2186
1913
1647
1382
1107
837
571
300
34
-237
-500
-771
-1044
-1307
-1575
-1837
-2106
-2367
-2633
-2897
-3162
-3422
-3682
-3944
-4205
-4471
-4728
-4985
-5239
-5500
-5757
-6008
-6267
-6525
-6778
-7037
-7292
-7542
-7795
-8044
-8295
-8545
-8794
-9045
-9291
-9541
-9784
-10031
-10282
-10519
-10764
-11013
-11250
-11490
-11733
-11971
-12204
-12445
-12687
-12915
-13151
-13383
-13616
-13848
-14075
-14306
-14535
-14763
-14991
-15217
-15443
-15671
-15892
-16108
-16334
-16383
-16382
-16385
-16381
-16387
-16386
-16385
-16385
-16385
-16384
-16384
-16381
-16384
-16381
-16387
-16388
-16386
-16385
-16383
-16385
-16386
-16384
-16385
-16385
-16387
-16384
-16382
-16384
-16382
-16384
-16387
-16386
-16385
-16387
-16382
-16384
-16386
-16384
-16384
-16383
-16386
-16384
-16383
-16381
-16383
-16385
-16384
-16386
-16386
-16384
-16385
-16385
-16385
-16384
-16385
-16385
-16386
-16388
-16384
-16386
-16386
-16383
-16383
-16386
-16383
-16385
-16385
-16385
-16386
-16384
-16385
-16380
-16385
-16384
-16386
-16384
-16385
-16383
-16385
-16385
-16385
-16382
-16383
-16388
-16384
-16383
-16382
-16384
-16387
-16384
-16382
-16383
-16382
-16384
-16383
-16383
-16385
-16384
-16384
-16383
-16384
-16384
-16383
-16386
-16385
-16387
-16382
-16385
-16383
-16381
-16383
-16385
-16384
-16384
-16384
-16383
-16383
-16386
-16384
-16386
-16385
-16387
-16387
-16387
-16385
-16383
-16385
-16386
-16385
-16382
-16383
-16385
-16384
-16385
-16384
-16384
-16383
-16383
-16384
-16386
-16383
-16383
-16384
-16383
-16382
-16383
-16382
-16383
-16383
-16382
-16384
-16382
-16382
-16382
-16384
-16383
-16385
-16383
-16386
-16384
-16379
-16383
-16384
-16387
-16384
-16385
-16385
-16383
-16384
-16384
-16386
-16387
-16383
-16382
-16383
-16384
-16381
-16383
-16384
-16380
-16384
-16386
-16385
-16384
-16383
-16385
-16386
-16385
-16384
-16384
-16385
-16383
-16381
-16382
-16384
-16381
-16382
-16383
-16386
-16382
-16383
-16385
-16387
-16385
-16385
-16380
-16382
-16381
-16382
-16383
-16383
-16383
-16385
-16384
-16385
-16385
-16383
-16384
-16387
-16385
-16383
-16383
-16384
-16386
-16383
-16383
-16383
-16383
-16383
-16383
-16383
-16383
-16385
-16384
-16383
-16379
-16385
-16383
-16385
-16385
-16385
-16384
-16385
-16387
-16385
-16383
-16385
-16388
-16386
-16386
-16384
-16382
-16383
-16382
-16385
-16385
-16385
-16383
-16382
-16384
-16386
-16384
-16381
-16381
-16383
-16381
-16384
-16385
-16380
-16383
-16384
-16384
-16385
-16386
-16383
-16385
-16385
-16383
-16385
-16382
-16384
-16383
-16382
-16380
-16385
-16385
-16382
-16384
-16384
-16383
-16386
-16382
-16381
-16382
-16382
-16382
-16383
-16382
-16383
-16384
-16385
-16383
-16384
-16387
-16383
-16385
-16385
-16386
-16386
-16385
-16387
-16384
-16382
-16384
-16386
-16386
-16384
-16385
-16383
-16384
-16387
-16386
-16386
-16384
-16385
-16384
-16384
-16384
-16386
-16387
-16383
-16386
-16389
-16385
-16384
-16384
-16385
-16383
-16386
-16385
-16384
-16384
-16385
-16384
-16386
-16386
-16386
-16386
-16387
-16385
-16386
-16386
-16382
-16387
-16383
-16384
-16385
-16385
-16383
-16385
-16386
-16385
-16384
-16382
-16383
-16384
-16383
-16386
-16385
-16386
-16385
-16383
-16385
-16385
-16386
-16383
-16384
-16386
-16386
-16384
-16382
-16383
-16269
-16143
-16017
-15893
-15763
-15635
-15510
-15383
-15254
-15122
-14997
-14870
-14738
-14607
-14478
-14348
-14220
-14085
-13958
-13822
-13689
-13555
-13419
-13288
-13152
-13019
-12894
-12752
-12621
-12484
-12344
-12214
-12072
-11942
-11802
-11664
-11531
-11392
-11255
-11114
-10976
-10839
-10699
-10568
-10429
-10291
-10154
-10019
-9879
-9743
-9605
-9470
-9335
-9195
-9054
-8915
-8780
-8643
-8499
-8363
-8228
-8091
-7948
-7809
-7674
-7535
-7393
-7258
-7116
-6985
-6844
-6703
-6568
-6427
-6289
-6153
-6018
-5884
-5748
-5608
-5474
-5340
-5204
-5072
-4933
-4801
-4668
-4530
-4404
-4269
-4136
-4008
-3876
-3746
-3608
-3484
-3355
-3224
-3099
-2969
-2847
-2716
-2591
-2465
-2338
-2218
-2091
-1964
-1841
-1711
-1587
-1472
-1348
-1228
-1111
-989
-867
-748
-628
-513
-396
-287
-162
-50
69
186
296
409
523
637
748
860
970
1084
1195
1298
1410
1517
1624
1731
1834
1942
2043
2144
2246
2350
2449
2546
2650
2746
2844
2940
3035
3130
3223
3317
3409
3498
3588
3676
3768
3849
3934
4023
4105
4191
4267
4347
4424
4496
4574
4652
4726
4794
4867
4940
5006
5074
5139
5207
5269
5330
5394
5456
5511
5571
5622
5676
5734
5780
5833
5885
5932
5985
6027
6066
6112
6151
6193
6235
6266
6302
6334
6368
6402
6435
6461
6488
6519
6541
6571
6590
6612
6634
6649
6668
6683
6694
6712
6718
6731
6747
6759
6766
6770
6777
6779
6781
6787
6786
6786
6782
6777
6771
6767
6761
6752
6744
6738
6722
6710
6697
6677
6670
6650
6633
6607
6588
6571
6545
6523
6505
6480
6458
6432
6409
6382
6359
6329
6292
6261
6235
6204
6170
6136
6102
6065
6029
5994
5958
5918
5880
5844
5805
5768
5725
5688
5650
5608
5562
5518
5478
5431
5391
5354
5309
5267
5220
5175
5127
5084
5034
4987
4940
4894
4847
4801
4757
4701
4652
4605
4561
4507
4458
4407
4356
4307
4258
4203
4149
4101
4049
3995
3943
3890
3835
3786
3729
3674
3629
3572
3512
3458
3404
3353
3298
3245
3190
3135
3084
3025
2969
2916
2866
2809
2752
2694
2643
2585
2530
2479
2425
2368
2306
2252
2200
2146
2093
2037
1977
1924
1869
1816
1763
1703
1650
1603
1551
1495
1440
1385
1334
1277
1230
1175
1127
1078
1024
977
925
877
821
780
732
680
632
580
537
488
443
397
348
300
251
214
166
124
80
36
-8
-52
-91
-135
-177
-216
-254
-297
-337
-377
-414
-452
-493
-531
-566
-601
-633
-672
-704
-745
-779
-809
-840
-871
-902
-930
-967
-998
-1025
-1059
-1079
-1105
-1133
-1165
-1192
-1220
-1246
-1264
-1289
-1312
-1328
-1353
-1373
-1394
-1422
-1441
-1458
-1479
-1493
-1512
-1527
-1545
-1561
-1575
-1595
-1603
-1610
-1626
-1640
-1650
-1659
-1669
-1680
-1686
-1700
-1707
-1715
-1729
-1734
-1739
-1744
-1745
-1746
-1752
-1756
-1756
-1759
-1764
-1765
-1765
-1769
-1763
-1761
-1761
-1761
-1754
-1748
-1750
-1744
-1744
-1732
-1721
-1716
-1708
-1702
-1691
-1681
-1667
-1658
-1648
-1634
-1622
-1612
-1597
-1583
-1566
-1553
-1534
-1521
-1501
-1486
-1467
-1451
-1429
-1407
-1385
-1361
-1339
-1316
-1293
-1267
-1243
-1213
-1192
-1162
-1137
-1105
-1072
-1047
-1014
-982
-954
-918
-883
-853
-814
-782
-748
-714
-671
-633
-599
-555
-515
-478
-437
-395
-354
-310
-266
-222
-172
-128
-85
-37
9
59
108
157
207
255
310
360
417
465
518
577
632
685
740
802
857
920
974
1031
1098
1154
1217
1276
1335
1402
1462
1525
1591
1652
1720
1784
1848
1914
1978
2045
2108
2174
2245
2306
2372
2439
2505
2570
2636
2703
2771
2839
2906
2975
3043
3114
3174
3244
3311
3374
3443
3513
3579
3644
3713
3777
3841
3906
3970
4038
4104
4169
4231
4290
4363
4419
4478
4547
4609
4667
4729
4788
4846
4908
4966
5021
5084
5142
5198
5253
5307
5370
5420
5474
5527
5579
5635
5683
5737
5790
5837
5893
5943
5990
6034
6085
6130
6176
6226
6271
6315
6357
6402
6448
6492
6533
6575
6622
6671
6712
6755
6793
6835
6878
6917
6961
6994
7038
7068
7109
7147
7184
7224
7259
7297
7328
7367
7405
7438
7472
7505
7539
7570
7607
7636
7671
7702
7730
7760
7790
7826
7849
7874
7904
7933
7959
7986
8015
8042
8063
8087
8113
8143
8162
8187
8206
8229
8254
8271
8294
8319
8334
8351
8371
8400
8412
8429
8452
8464
8489
8503
8520
8537
8554
8570
8580
8595
8611
8626
8641
8649
8664
8679
8691
8704
8713
8726
8731
8741
8751
8758
8772
8782
8794
8801
8806
8825
8825
8827
8835
8842
8849
8851
8858
8864
8869
8874
8873
8877
8876
8878
8881
8880
8879
8879
8882
8877
8874
8873
8869
8865
8858
8856
8847
8843
8838
8835
8835
8823
8817
8808
8799
8787
8779
8776
8769
8758
8749
8745
8729
8717
8703
8696
8682
8668
8657
8640
8633
8622
8607
8596
8578
8567
8551
8539
8531
8515
8501
8487
8479
8465
8451
8439
8427
8408
8395
8383
8368
8361
8342
8332
8323
8306
8300
8286
8274
8263
8252
8237
8231
8218
8200
8192
8184
8165
8158
8147
8134
8123
8111
8102
8093
8082
8070
8062
8055
8041
8030
8022
8014
8006
8000
7992
7980
7974
7969
7962
7952
7948
7936
7934
7926
7922
7920
7914
7905
7904
7902
7893
7890
7886
7886
7879
7879
7878
7877
7877
7875
7873
7873
7874
7872
7876
7878
7879
7875
7879
7883
7886
7892
7894
7893
7899
7902
7904
7911
7914
7926
7929
7933
7939
7947
7952
7964
7967
7972
7983
7998
8005
8012
8022
8027
8041
8049
8055
8069
8082
8091
8105
8114
8127
8142
8162
8167
8176
8194
8209
8219
8231
8248
8260
8284
8293
8307
8321
8337
8350
8358
8373
8383
8404
8411
8426
8445
8456
8470
8481
8491
8506
8517
8532
8543
8552
8564
8572
8578
8597
8601
8615
8627
8635
8651
8657
8662
8668
8677
8681
8693
8693
8696
8705
8703
8704
8708
8711
8713
8711
8708
8710
8706
8702
8701
8692
8693
8689
8682
8677
8671
8664
8657
8646
8634
8621
8609
8596
8587
8573
8560
8542
8523
8509
8495
8476
8460
8434
8414
8401
8371
8352
8330
8305
8277
8257
8230
8205
8182
8150
8123
8095
8065
8038
8007
7983
7949
7925
7894
7853
7826
7793
7755
7727
7689
7651
7617
7577
7543
7505
7465
7429
7392
7354
7313
7273
7237
7197
7154
7108
7067
7023
6983
6947
6899
6861
6812
6761
6721
6677
6632
6585
6548
6503
6448
6400
6354
6305
6259
6206
6161
6113
6064
6017
5972
5922
5874
5829
5774
5731
5676
5625
5579
5522
5472
5426
5374
5328
5279
5222
5175
5120
5069
5014
4961
4909
4856
4803
4748
4693
4639
4580
4531
4477
4423
4365
4309
4252
4193
4132
4083
4025
3969
3908
3848
3790
3732
3673
3615
3551
3497
3431
3375
3311
3254
3193
3130
3073
3011
2950
2889
2826
2770
2702
2641
2577
2513
2450
2386
2327
2262
2198
2128
2065
2003
1940
1871
1815
1748
1685
1623
1552
1490
1425
1361
1295
1229
1163
1102
1036
975
909
841
781
714
650
583
523
458
397
332
266
205
140
72
10
-52
-115
-171
-238
-302
-356
-419
-488
-541
-603
-662
-731
-788
-844
-903
-966
-1022
-1081
-1136
-1194
-1255
-1312
-1371
-1429
-1486
-1542
-1600
-1654
-1711
-1768
-1825
-1876
-1933
-1986
-2042
-2093
-2143
-2196
-2246
-2302
-2352
-2407
-2458
-2512
-2563
-2614
-2662
-2715
-2765
-2812
-2866
-2910
-2966
-3014
-3068
-3115
-3167
-3213
-3255
-3309
-3350
-3401
-3446
-3498
-3540
-3588
-3637
-3678
-3733
-3780
-3826
-3873
-3914
-3959
-3998
-4048
-4091
-4133
-4180
-4216
-4262
-4309
-4350
-4397
-4442
-4483
-4526
-4572
-4617
-4657
-4702
-4742
-4782
-4821
-4865
-4909
-4952
-4995
-5036
-5075
-5113
-5158
-5196
-5235
-5274
-5313
-5351
-5396
-5436
-5477
-5519
-5550
-5595
-5634
-5669
-5709
-5748
-5784
-5822
-5861
-5895
-5934
-5973
-6008
-6041
-6081
-6121
-6157
-6197
-6236
-6266
-6308
-6344
-6384
-6414
-6450
-6488
-6526
-6561
-6603
-6640
-6670
-6708
-6738
-6777
-6815
-6844
-6884
-6919
-6955
-6988
-7016
-7056
-7087
-7123
-7154
-7185
-7219
-7251
-7285
-7315
-7346
-7376
-7405
-7437
-7468
-7494
-7523
-7558
-7582
-7606
-7639
-7669
-7696
-7721
-7748
-7781
-7804
-7830
-7853
-7877
-7908
-7931
-7950
-7975
-8003
-8023
-8041
-8071
-8094
-8117
-8135
-8155
-8176
-8198
-8221
-8242
-8258
-8273
-8295
-8312
-8330
-8347
-8364
-8382
-8402
-8419
-8430
-8447
-8457
-8469
-8488
-8501
-8514
-8532
-8540
-8549
-8558
-8572
-8578
-8592
-8606
-8612
-8626
-8633
-8641
-8646
-8653
-8659
-8667
-8674
-8674
-8685
-8685
-8698
-8697
-8701
-8705
-8714
-8713
-8719
-8721
-8721
-8724
-8725
-8725
-8723
-8727
-8723
-8724
-8724
-8724
-8721
-8718
-8714
-8713
-8710
-8710
-8709
-8705
-8700
-8697
-8692
-8683
-8683
-8668
-8665
-8657
-8649
-8643
-8636
-8629
-8623
-8611
-8602
-8595
-8588
-8574
-8562
-8562
-8546
-8541
-8529
-8522
-8512
-8501
-8493
-8478
-8468
-8457
-8446
-8433
-8419
-8404
-8398
-8385
-8377
-8363
-8349
-8338
-8324
-8316
-8299
-8287
-8276
-8259
-8243
-8231
-8221
-8207
-8195
-8179
-8161
-8145
-8130
-8114
-8098
-8087
-8066
-8048
-8034
-8018
-8006
-7983
-7969
-7951
-7935
-7913
-7897
-7883
-7862
-7848
-7826
-7812
-7796
-7772
-7755
-7733
-7716
-7697
-7678
-7659
-7641
-7621
-7600
-7584
-7559
-7542
-7521
-7500
-7480
-7463
-7443
-7426
-7402
-7385
-7368
-7343
-7328
-7309
-7292
-7272
-7256
-7228
-7215
-7197
-7173
-7156
-7147
-7120
-7099
-7082
-7064
-7044
-7025
-7005
-6989
-6977
-6955
-6942
-6922
-6907
-6890
-6878
-6862
-6846
-6829
-6816
-6807
-6791
-6781
-6766
-6759
-6746
-6736
-6723
-6707
-6702
-6696
-6685
-6675
-6668
-6662
-6655
-6654
-6644
-6638
-6630
-6631
-6623
-6615
-6618
-6616
-6614
-6612
-6615
-6614
-6613
-6618
-6618
-6616
-6624
-6628
-6633
-6637
-6646
-6650
-6657
-6666
-6676
-6684
-6692
-6700
-6711
-6726
-6728
-6746
-6754
-6767
-6780
-6791
-6804
-6815
-6832
-6844
-6860
-6875
-6892
-6907
-6926
-6939
-6957
-6974
-6988
-7007
-7023
-7043
-7057
-7077
-7092
-7113
-7126
-7136
-7156
-7167
-7184
-7205
-7224
-7229
-7242
-7257
-7268
-7276
-7289
-7303
-7307
-7320
-7326
-7340
-7345
-7349
-7356
-7362
-7372
-7376
-7374
-7381
-7381
-7382
-7383
-7377
-7373
-7376
-7365
-7359
-7348
-7338
-7327
-7319
-7300
-7287
-7274
-7250
-7234
-7217
-7195
-7165
-7142
-7119
-7092
-7060
-7034
-6998
-6965
-6936
-6894
-6855
-6819
-6775
-6730
-6685
-6635
-6590
-6541
-6490
-6431
-6378
-6323
-6263
-6206
-6148
-6088
-6021
-5955
-5888
-5824
-5747
-5673
-5609
-5536
-5458
-5383
-5309
-5225
-5145
-5067
-4984
-4895
-4809
-4721
-4637
-4539
-4454
-4360
-4267
-4176
-4079
-3982
-3881
-3786
-3683
-3582
-3476
-3378
-3271
-3165
-3056
-2945
-2842
-2729
-2620
-2508
-2390
-2277
-2171
-2054
-1936
-1817
-1700
-1589
-1465
-1344
-1227
-1100
-977
-856
-724
-599
-469
-343
-222
-92
37
171
300
428
560
697
829
965
1095
1228
1362
1500
1627
1765
1894
2031
2170
2305
2440
2577
2715
2850
2989
3121
3265
3398
3540
3675
3806
3947
4083
4215
4353
4487
4615
4762
4896
5023
5165
5297
5429
5563
5692
5826
5962
6093
6218
6345
6477
6600
6731
6853
6978
7105
7220
7343
7468
7587
7702
7821
7939
8055
8167
8282
8394
8498
8611
8714
8822
8922
9026
9122
9225
9318
9416
9511
9600
9698
9790
9873
9956
10041
10124
10203
10283
10358
10437
10510
10576
10651
10713
10779
10848
10905
10963
11023
11076
11129
11181
11230
11278
11323
11366
11407
11445
11482
11519
11547
11581
11610
11640
11667
11688
11708
11729
11744
11757
11768
11779
11787
11796
11795
11790
11791
11791
11789
11780
11768
11754
11740
11723
11702
11680
11654
11637
11605
11572
11542
11507
11477
11441
11403
11359
11312
11265
11225
11176
11127
11071
11021
10962
10908
10854
10794
10733
10672
10610
10538
10471
10402
10329
10264
10183
10115
10037
9960
9885
9800
9724
9642
9558
9475
9391
9302
9220
9132
9043
8950
8862
8772
8679
8582
8491
8393
8297
8204
8105
8010
7912
7818
7715
7615
7522
7420
7322
7226
7123
7023
6918
6814
6714
6616
6522
6418
6317
6218
6114
6018
5922
5821
5723
5625
5525
5428
5332
5235
5140
5047
4952
4861
4766
4676
4589
4499
4410
4323
4232
4144
4060
3984
3903
3821
3732
3654
3578
3503
3424
3353
3272
3202
3134
3063
2997
2925
2857
2792
2737
2666
2608
2550
2487
2432
2376
2319
2262
2215
2165
2111
2066
2018
1972
1925
1885
1840
1795
1763
1721
1686
1646
1609
1581
1545
1515
1478
1450
1423
1395
1371
1348
1323
1299
1283
1256
1235
1217
1192
1179
1161
1148
1129
1119
1107
1090
1080
1069
1062
1046
1037
1036
1026
1021
1015
1010
1005
999
995
990
989
980
983
981
976
977
979
972
975
974
972
976
975
974
973
972
972
974
971
971
968
973
966
963
969
960
957
957
954
952
947
945
941
937
929
922
919
910
894
884
875
862
849
841
824
808
795
776
757
743
721
700
682
663
640
614
586
565
545
518
486
454
423
389
357
325
293
254
213
180
139
100
60
25
-16
-60
-104
-146
-192
-239
-286
-335
-387
-437
-482
-540
-594
-642
-699
-753
-807
-862
-912
-970
-1028
-1089
-1145
-1203
-1262
-1316
-1376
-1438
-1495
-1555
-1617
-1677
-1738
-1801
-1859
-1918
-1977
-2037
-2101
-2161
-2221
-2281
-2340
-2405
-2461
-2519
-2576
-2633
-2693
-2750
-2803
-2859
-2912
-2958
-3014
-3067
-3115
-3167
-3213
-3260
-3312
-3359
-3408
-3447
-3489
-3530
-3569
-3612
-3652
-3688
-3720
-3764
-3795
-3824
-3854
-3881
-3910
-3944
-3967
-3992
-4017
-4039
-4063
-4084
-4105
-4121
-4140
-4154
-4170
-4184
-4198
-4216
-4223
-4233
-4244
-4249
-4256
-4267
-4275
-4277
-4281
-4284
-4287
-4295
-4293
-4290
-4289
-4299
-4297
-4293
-4297
-4297
-4289
-4295
-4292
-4290
-4285
-4278
-4285
-4276
-4274
-4273
-4271
-4268
-4263
-4267
-4257
-4254
-4253
-4245
-4242
-4239
-4233
-4232
-4224
-4214
-4213
-4207
-4199
-4194
-4192
-4192
-4182
-4173
-4171
-4164
-4157
-4155
-4145
-4141
-4129
-4127
-4117
-4110
-4108
-4096
-4097
-4082
-4082
-4075
-4063
-4055
-4043
-4032
-4027
-4012
-4004
-3999
-3983
-3978
-3968
-3953
-3948
-3932
-3923
-3915
-3906
-3898
-3889
-3871
-3861
-3845
-3840
-3826
-3815
-3799
-3788
-3776
-3763
-3748
-3737
-3722
-3706
-3699
-3681
-3665
-3660
-3645
-3631
-3621
-3611
-3590
-3576
-3565
-3548
-3542
-3525
-3514
-3493
-3480
-3470
-3452
-3441
-3428
-3409
-3396
-3383
-3364
-3350
-3333
-3322
-3304
-3289
-3273
-3252
-3241
-3221
-3201
-3180
-3160
-3142
-3119
-3099
-3077
-3052
-3034
-3013
-2985
-2964
-2937
-2914
-2887
-2858
-2834
-2804
-2774
-2739
-2707
-2674
-2636
-2600
-2556
-2525
-2486
-2440
-2395
-2354
-2302
-2254
-2199
-2149
-2095
-2043
-1986
-1921
-1861
-1802
-1735
-1669
-1599
-1523
-1452
-1377
-1301
-1224
-1140
-1058
-976
-887
-800
-702
-616
-515
-420
-324
-221
-112
-9
95
207
319
432
549
665
787
906
1031
1156
1283
1413
1541
1677
1810
1949
2086
2222
2360
2501
2643
2785
2931
3074
3223
3366
3518
3667
3816
3966
4117
4263
4416
4567
4716
4869
5022
5175
5322
5470
5620
5769
5914
6062
6210
6352
6498
6645
6779
6918
7056
7184
7318
7448
7574
7702
7818
7940
8052
8162
8269
8373
8476
8575
8672
8749
8839
8924
8997
9065
9127
9187
9243
9295
9336
9376
9413
9435
9455
9469
9473
9471
9466
9453
9434
9408
9373
9332
9287
9228
9167
9101
9028
8943
8848
8756
8649
8533
8416
8291
8159
8015
7868
7712
7549
7383
7206
7023
6837
6635
6435
6222
6004
5781
5545
5316
5073
4819
4573
4312
4047
3779
3495
3217
2932
2639
2342
2041
1739
1423
1109
792
465
145
-187
-522
-858
-1202
-1543
-1890
-2243
-2595
-2945
-3304
-3661
-4025
-4387
-4752
-5117
-5487
-5855
-6227
-6602
-6970
-7343
-7717
-8096
-8471
-8844
-9222
-9597
-9975
-10348
-10724
-11099
-11475
-11843
-12215
-12587
-12952
-13323
-13687
-14052
-14414
-14777
-15139
-15489
-15848
-16200
-16385
-16384
-16384
-16382
-16385
-16382
-16383
-16385
-16386
-16384
-16384
-16385
-16383
-16382
-16385
-16383
-16384
-16382
-16380
-16385
-16384
-16386
-16383
-16382
-16386
-16384
-16384
-16383
-16381
-16385
-16387
-16382
-16382
-16381
-16383
-16383
-16384
-16387
-16384
-16384
-16383
-16388
-16385
-16385
-16384
-16387
-16388
-16383
-16385
-16383
-16385
-16386
-16386
-16381
-16382
-16386
-16382
-16383
-16381
-16385
-16386
-16381
-16384
-16384
-16385
-16384
-16384
-16381
-16384
-16380
-16383
-16384
-16382
-16382
-16381
-16382
-16383
-16381
-16383
-16387
-16383
-16384
-16383
-16381
-16382
-16385
-16384
-16383
-16387
-16379
-16383
-16384
-16383
-16382
-16382
-16381
-16385
-16383
-16383
-16383
-16384
-16387
-16383
-16384
-16385
-16384
-16383
-16383
-16383
-16386
-16383
-16386
-16383
-16381
-16381
-16381
-16382
-16381
-16384
-16385
-16383
-16383
-16381
-16382
-16382
-16382
-16384
-16383
-16385
-16385
-16383
-16385
-16384
-16384
-16381
-16383
-16235
-15923
-15618
-15303
-14989
-14674
-14353
-14039
-13711
-13390
-13064
-12734
-12399
-12073
-11738
-11402
-11071
-10729
-10387
-10045
-9704
-9361
-9014
-8665
-8319
-7974
-7621
-7270
-6916
-6563
-6208
-5851
-5501
-5142
-4785
-4427
-4066
-3706
-3348
-2987
-2627
-2269
-1909
-1548
-1186
-826
-460
-106
256
616
982
1334
1695
2058
2411
2773
3129
3488
3847
4205
4556
4914
5265
5613
5966
6321
6668
7012
7360
7707
8053
8400
8738
9077
9419
9752
10091
10427
10755
11087
11417
11744
12073
12390
12713
13036
13358
13675
13985
14299
14613
14918
15225
15536
15836
16136
16384
16383
16388
16385
16385
16384
16385
16384
16384
16384
16386
16386
16381
16385
16385
16387
16387
16386
16387
16388
16384
16383
16385
16385
16384
16389
16386
16385
16387
16388
16386
16384
16387
16385
16383
16387
16386
16383
16384
16384
16385
16386
16387
16384
16382
16385
16385
16383
16386
16387
16385
16387
16387
16387
16383
16383
16385
16384
16388
16383
16383
16385
16382
16389
16389
16384
16386
16386
16386
16386
16385
16387
16384
16386
16386
16382
16382
16387
16384
16388
16385
16385
16385
16384
16387
16389
16388
16385
16383
16383
16385
16385
16386
16386
16387
16387
16388
16383
16388
16385
16385
16387
16385
16384
16385
16389
16387
16382
16389
16385
16388
16390
16388
16388
16385
16385
16383
16385
16383
16381
16384
16382
16384
16385
16384
16386
16381
16385
16382
16386
16385
16381
16385
16383
16387
16383
16383
16387
16381
16385
16382
16384
16384
16385
16382
16381
16383
16382
16388
16385
16386
16385
16384
16385
16383
16384
16385
16384
16385
16384
16384
16382
16385
16386
16385
16383
16383
16386
16386
16384
16389
16384
16381
16383
16381
16150
15886
15615
15347
15075
14816
14545
14276
14011
13745
13478
13210
12941
12668
12407
12141
11874
11607
11336
11072
10816
10555
10296
10031
9775
9518
9260
9001
8737
8486
8229
7982
7728
7481
7231
6987
6740
6501
6261
6010
5781
5547
5311
5080
4850
4616
4388
4157
3934
3715
3489
3276
3058
2842
2630
2413
2206
2004
1797
1595
1391
1190
991
795
599
407
212
25
-163
-355
-540
-723
-903
-1087
-1271
-1450
-1624
-1803
-1982
-2154
-2326
-2498
-2668
-2835
-3007
-3171
-3336
-3504
-3667
-3831
-3989
-4152
-4307
-4468
-4623
-4784
-4945
-5095
-5252
-5403
-5555
-5705
-5857
-6005
-6155
-6306
-6451
-6605
-6746
-6896
-7039
-7185
-7331
-7470
-7612
-7756
-7904
-8047
-8183
-8328
-8472
-8608
-8748
-8887
-9028
-9159
-9301
-9442
-9571
-9709
-9845
-9986
-10116
-10251
-10388
-10521
-10653
-10789
-10921
-11055
-11185
-11316
-11446
-11575
-11704
-11836
-11969
-12094
-12227
-12356
-12486
-12610
-12738
-12869
-12992
-13124
-13242
-13376
-13498
-13623
-13750
-13877
-13999
-14122
-14245
-14365
-14489
-14604
-14732
-14849
-14966
-15085
-15203
-15320
-15434
-15556
-15668
-15779
-15892
-16001
-16114
-16225
-16327
-16383
-16384
-16382
-16383
-16384
-16386
-16381
-16381
-16382
-16382
-16383
-16382
-16384
-16383
-16387
-16384
-16383
-16384
-16381
-16385
-16385
-16386
-16385
-16383
-16383
-16382
-16384
-16384
-16384
-16382
-16386
-16384
-16381
-16382
-16382
-16385
-16380
-16381
-16384
-16383
-16383
-16385
-16382
-16383
-16385
-16383
-16384
-16382
-16382
-16383
-16386
-16385
-16381
-16383
-16383
-16382
-16384
-16381
-16382
-16380
-16382
-16383
-16385
-16387
-16383
-16385
-16386
-16386
-16384
-16384
-16383
-16381
-16380
-16385
-16386
-16384
-16386
-16385
-16384
-16386
-16382
-16384
-16385
-16382
-16385
-16385
-16384
-16385
-16383
-16382
-16385
-16383
-16385
-16383
-16385
-16385
-16381
-16383
-16382
-16381
-16384
-16384
-16384
-16387
-16384
-16383
-16381
-16382
-16383
-16341
-16234
-16127
-16022
-15906
-15798
-15682
-15568
-15452
-15340
-15214
-15094
-14976
-14853
-14733
-14605
-14485
-14357
-14231
-14101
-13971
-13842
-13707
-13574
-13446
-13307
-13174
-13044
-12904
-12771
-12633
-12493
-12356
-12219
-12079
-11938
-11800
-11663
-11520
-11379
-11234
-11094
-10952
-10809
-10666
-10518
-10381
-10238
-10095
-9949
-9808
-9662
-9517
-9375
-9225
-9087
-8943
-8800
-8654
-8505
-8361
-8214
-8078
-7930
-7794
-7655
-7509
-7370
-7228
-7092
-6957
-6818
-6677
-6546
-6408
-6275
-6142
-6009
-5877
-5743
-5614
-5485
-5360
-5230
-5105
-4984
-4856
-4732
-4612
-4485
-4366
-4252
-4134
-4014
-3893
-3778
-3663
-3548
-3447
-3330
-3227
-3117
-3017
-2915
-2809
-2704
-2606
-2503
-2406
-2312
-2214
-2123
-2028
-1929
-1838
-1746
-1662
-1567
-1476
-1392
-1300
-1217
-1131
-1044
-962
-876
-798
-715
-630
-550
-463
-385
-308
-220
-147
-69
10
91
166
244
325
401
481
559
640
716
796
872
952
1035
1110
1196
1269
1349
1433
1515
1593
1673
1756
1843
1934
2010
2099
2184
2267
2354
2450
2535
2624
2717
2811
2897
2992
3086
3182
3273
3374
3470
3567
3670
3769
3866
3968
4070
4172
4277
4379
4486
4591
4696
4806
4915
5026
5140
5250
5364
5479
5589
5708
5824
5943
6057
6178
6292
6411
6536
6651
6777
6901
7022
7146
7265
7390
7510
7633
7759
7881
8007
8137
8263
8383
8512
8639
8762
8888
9012
9139
9258
9381
9507
9629
9755
9879
10000
10121
10244
10359
10477
10597
10713
10828
10938
11058
11165
11275
11383
11494
11597
11693
11800
11898
11999
12102
12190
12280
12377
12463
12553
12639
12720
12803
12875
12957
13036
13102
13176
13237
13305
13366
13427
13483
13535
13592
13641
13687
13729
13777
13810
13852
13886
13920
13949
13972
13999
14020
14039
14057
14067
14084
14093
14093
14103
14106
14107
14111
14107
14097
14094
14087
14075
14065
14048
14036
14016
13997
13975
13956
13929
13903
13879
13852
13824
13793
13763
13733
13694
13666
13630
13592
13561
13517
13478
13439
13404
13365
13325
13285
13244
13207
13161
13132
13087
13048
13009
12965
12927
12886
12843
12802
12761
12728
12685
12645
12609
12569
12530
12499
12454
12425
12383
12348
12314
12280
12246
12208
12181
12143
12111
12082
12044
12014
11988
11959
11932
11895
11869
11842
11811
11781
11758
11736
11706
11681
11652
11630
11606
11584
11554
11528
11504
11482
11449
11425
11404
11381
11351
11329
11299
11278
11247
11224
11198
11173
11147
11120
11094
11063
11033
11011
10978
10948
10919
10889
10857
10819
10798
10760
10724
10689
10652
10616
10577
10537
10497
10452
10406
10365
10319
10264
10225
10166
10115
10071
10013
9957
9895
9841
9777
9721
9659
9592
9532
9465
9396
9329
9252
9181
9103
9026
8947
8867
8788
8707
8622
8537
8446
8354
8264
8169
8068
7968
7870
7771
7671
7562
7456
7349
7234
7121
7008
6891
6777
6654
6533
6408
6286
6163
6033
5906
5775
5645
5510
5372
5245
5109
4969
4824
4687
4549
4406
4269
4128
3979
3842
3694
3548
3401
3258
3108
2966
2815
2669
2525
2374
2229
2084
1942
1789
1645
1499
1349
1204
1066
925
782
643
505
368
232
98
-33
-171
-303
-427
-558
-681
-804
-925
-1041
-1164
-1271
-1385
-1494
-1605
-1709
-1815
-1917
-2009
-2103
-2192
-2283
-2374
-2456
-2531
-2614
-2688
-2755
-2818
-2885
-2948
-3000
-3059
-3113
-3161
-3204
-3250
-3284
-3321
-3352
-3375
-3405
-3434
-3448
-3463
-3478
-3487
-3496
-3495
-3499
-3497
-3489
-3481
-3468
-3459
-3443
-3425
-3408
-3381
-3356
-3323
-3299
-3264
-3224
-3188
-3147
-3110
-3064
-3023
-2971
-2917
-2862
-2808
-2759
-2696
-2636
-2576
-2512
-2446
-2384
-2317
-2242
-2171
-2104
-2020
-1948
-1879
-1804
-1731
-1656
-1577
-1499
-1422
-1338
-1258
-1182
-1099
-1021
-939
-860
-777
-693
-616
-538
-456
-376
-291
-218
-136
-57
20
90
168
245
322
387
462
538
611
673
741
809
871
935
996
1061
1117
1170
1228
1277
1332
1376
1418
1464
1503
1544
1579
1614
1650
1677
1701
1726
1748
1769
1779
1796
1800
1804
1807
1810
1809
1801
1798
1782
1767
1751
1727
1705
1684
1654
1615
1585
1547
1508
1463
1415
1364
1315
1265
1208
1146
1090
1027
958
892
823
750
678
603
534
452
376
294
208
133
49
-37
-119
-195
-281
-369
-448
-536
-618
-698
-772
-856
-942
-1019
-1097
-1179
-1252
-1333
-1410
-1484
-1555
-1624
-1697
-1766
-1831
-1900
-1963
-2028
-2092
-2158
-2221
-2278
-2334
-2395
-2454
-2505
-2556
-2603
-2653
-2703
-2744
-2781
-2827
-2866
-2903
-2939
-2967
-3008
-3038
-3068
-3101
-3127
-3157
-3176
-3202
-3223
-3242
-3257
-3280
-3302
-3313
-3329
-3338
-3359
-3376
-3381
-3396
-3402
-3410
-3414
-3415
-3420
-3424
-3427
-3428
-3428
-3417
-3420
-3418
-3414
-3404
-3398
-3388
-3378
-3371
-3358
-3349
-3336
-3327
-3309
-3296
-3285
-3263
-3250
-3233
-3216
-3201
-3186
-3168
-3154
-3131
-3117
-3095
-3068
-3053
-3028
-3012
-2982
-2957
-2938
-2912
-2899
-2873
-2850
-2826
-2803
-2775
-2753
-2724
-2707
-2684
-2656
-2634
-2610
-2591
-2565
-2540
-2523
-2498
-2477
-2455
-2441
-2426
-2406
-2391
-2370
-2352
-2343
-2324
-2308
-2296
-2284
-2272
-2260
-2251
-2244
-2233
-2225
-2215
-2214
-2207
-2203
-2194
-2188
-2188
-2181
-2183
-2181
-2170
-2174
-2176
-2174
-2177
-2182
-2185
-2189
-2191
-2199
-2209
-2213
-2219
-2229
-2242
-2251
-2264
-2277
-2284
-2299
-2309
-2321
-2332
-2345
-2358
-2371
-2390
-2393
-2409
-2419
-2426
-2440
-2449
-2455
-2461
-2475
-2486
-2487
-2491
-2493
-2498
-2503
-2507
-2513
-2505
-2513
-2514
-2520
-2522
-2526
-2527
-2524
-2521
-2527
-2523
-2517
-2526
-2531
-2525
-2522
-2525
-2525
-2524
-2528
-2528
-2532
-2535
-2538
-2536
-2537
-2548
-2554
-2554
-2560
