1345
1381
1409
1437
1476
1500
1525
1555
1584
1610
1636
1659
1676
1702
1721
1739
1757
1773
1793
1806
1817
1826
1834
1840
1848
1853
1855
1855
1853
1853
1843
1837
1828
1819
1815
1794
1783
1769
1746
1732
1702
1684
1658
1632
1600
1568
1542
1504
1470
1428
1389
1350
1308
1268
1222
1182
1136
1091
1046
997
945
902
847
789
738
687
637
585
536
475
424
372
322
266
210
156
110
61
5
-41
-86
-140
-182
-228
-278
-322
-360
-403
-445
-483
-525
-560
-597
-632
-661
-693
-727
-754
-780
-807
-830
-850
-872
-897
-912
-930
-943
-959
-974
-978
-985
-991
-999
-1004
-1005
-1005
-1007
-1005
-1005
-1001
-993
-985
-978
-965
-959
-947
-938
-924
-904
-896
-877
-864
-840
-825
-812
-787
-772
-747
-734
-711
-688
-669
-652
-631
-612
-594
-575
-555
-530
-513
-497
-477
-451
-434
-409
-392
-380
-350
-328
-317
-302
-284
-257
-241
-229
-211
-196
-178
-161
-149
-134
-119
-108
-91
-82
-73
-55
-48
-45
-30
-19
-15
-8
-7
0
8
9
15
17
18
22
23
14
11
5
6
4
-6
-9
-20
-26
-37
-44
-50
-60
-62
-76
-84
-93
-107
-119
-128
-136
-152
-162
-172
-192
-204
-218
-225
-240
-256
-268
-280
-293
-312
-314
-328
-345
-353
-371
-381
-393
-409
-419
-425
-434
-448
-460
-474
-486
-498
-510
-514
-524
-533
-544
-555
-566
-565
-577
-591
-599
-611
-617
-624
-635
-650
-657
-672
-680
-695
-706
-714
-726
-734
-753
-760
-774
-785
-800
-819
-832
-849
-867
-878
-897
-920
-935
-960
-984
-1005
-1028
-1053
-1077
-1100
-1123
-1150
-1180
-1211
-1243
-1271
-1303
-1333
-1355
-1391
-1422
-1453
-1485
-1515
-1551
-1591
-1624
-1660
-1700
-1731
-1771
-1805
-1851
-1889
-1923
-1965
-2002
-2042
-2081
-2124
-2168
-2213
-2247
-2289
-2336
-2377
-2424
-2463
-2511
-2553
-2598
-2645
-2684
-2727
-2771
-2818
-2865
-2910
-2952
-2996
-3037
-3087
-3127
-3171
-3213
-3258
-3300
-3344
-3384
-3426
-3472
-3522
-3565
-3608
-3652
-3697
-3741
-3782
-3830
-3872
-3911
-3957
-4004
-4042
-4083
-4125
-4167
-4204
-4246
-4284
-4325
-4360
-4393
-4433
-4462
-4504
-4535
-4565
-4596
-4627
-4657
-4683
-4715
-4743
-4765
-4791
-4809
-4837
-4856
-4869
-4889
-4916
-4932
-4948
-4964
-4977
-4989
-5001
-5012
-5021
-5032
-5040
-5045
-5054
-5056
-5056
-5062
-5062
-5070
-5065
-5073
-5066
-5068
-5067
-5061
-5062
-5066
-5059
-5049
-5049
-5049
-5037
-5033
-5025
-5017
-5014
-5000
-4991
-4980
-4968
-4955
-4944
-4929
-4916
-4904
-4888
-4876
-4864
-4849
-4830
-4811
-4795
-4779
-4756
-4734
-4713
-4693
-4669
-4646
-4624
-4600
-4578
-4550
-4521
-4496
-4467
-4438
-4407
-4373
-4348
-4316
-4285
-4249
-4214
-4181
-4139
-4104
-4067
-4028
-3988
-3949
-3911
-3874
-3830
-3790
-3742
-3704
-3661
-3623
-3579
-3529
-3484
-3438
-3395
-3348
-3301
-3256
-3209
-3161
-3108
-3059
-3008
-2966
-2917
-2866
-2823
-2759
-2714
-2661
-2616
-2559
-2513
-2461
-2410
-2359
-2306
-2259
-2200
-2151
-2093
-2041
-1982
-1935
-1883
-1824
-1772
-1717
-1660
-1598
-1549
-1491
-1438
-1379
-1322
-1267
-1204
-1145
-1083
-1023
-962
-902
-846
-781
-723
-659
-597
-537
-475
-419
-347
-288
-222
-161
-95
-29
41
110
176
241
310
382
442
511
579
647
716
784
858
921
990
1059
1123
1193
1265
1341
1406
1478
1555
1624
1694
1763
1838
1908
1978
2051
2118
2192
2263
2333
2401
2473
2554
2623
2700
2768
2840
2917
2991
3064
3138
3218
3291
3365
3440
3512
3587
3663
3741
3820
3892
3973
4053
4123
4200
4278
4358
4437
4511
4588
4664
4738
4814
4889
4969
5048
5127
5200
5279
5358
5434
5517
5587
5670
5743
5821
5893
5966
6047
6120
6195
6266
6339
6410
6483
6558
6626
6698
6765
6836
6905
6976
7045
7107
7171
7229
7295
7357
7418
7476
7535
7591
7651
7703
7763
7808
7861
7916
7958
8007
8053
8104
8146
8188
8227
8267
8311
8351
8393
8428
8462
8500
8535
8563
8600
8630
8669
8699
8718
8756
8782
8815
8839
8864
8892
8920
8941
8965
8987
9009
9031
9049
9072
9087
9105
9120
9141
9152
9169
9185
9193
9207
9221
9227
9242
9248
9256
9267
9266
9276
9283
9282
9287
9282
9286
9284
9288
9283
9279
9279
9271
9271
9257
9246
9240
9231
9218
9198
9192
9176
9161
9141
9127
9109
9088
9060
9033
9012
8986
8956
8929
8895
8864
8832
8797
8769
8733
8695
8651
8613
8574
8527
8490
8439
8390
8346
8292
8239
8190
8131
8080
8016
7957
7896
7834
7774
7709
7643
7573
7503
7433
7366
7289
7214
7137
7061
6977
6901
6818
6734
6655
6567
6483
6391
6301
6205
6122
6022
5929
5838
5738
5643
5544
5448
5351
5253
5158
5056
4957
4857
4755
4657
4556
4461
4362
4258
4159
4050
3959
3856
3753
3656
3558
3461
3365
3268
3166
3069
2981
2886
2788
2703
2606
2516
2429
2341
2256
2164
2087
2001
1921
1840
1761
1685
1606
1529
1454
1385
1314
1245
1179
1111
1042
982
920
859
794
741
689
630
580
524
476
424
376
334
288
244
205
158
123
82
44
8
-32
-57
-93
-131
-157
-182
-214
-244
-269
-292
-318
-340
-361
-380
-402
-424
-436
-462
-474
-490
-506
-520
-532
-540
-551
-563
-571
-579
-593
-601
-612
-608
-626
-625
-637
-647
-648
-658
-661
-666
-668
-676
-682
-690
-694
-701
-709
-713
-720
-724
-731
-732
-744
-744
-756
-761
-775
-781
-789
-799
-809
-813
-819
-835
-838
-844
-858
-867
-875
-891
-903
-924
-937
-946
-964
-978
-993
-1012
-1027
-1039
-1061
-1082
-1094
-1112
-1134
-1156
-1174
-1195
-1219
-1237
-1257
-1278
-1305
-1332
-1355
-1379
-1403
-1429
-1453
-1480
-1499
-1524
-1551
-1569
-1599
-1629
-1655
-1676
-1706
-1734
-1766
-1790
-1817
-1843
-1874
-1904
-1933
-1966
-1994
-2024
-2053
-2084
-2113
-2143
-2168
-2201
-2233
-2266
-2298
-2327
-2356
-2385
-2420
-2446
-2476
-2512
-2539
-2570
-2600
-2628
-2663
-2695
-2726
-2751
-2785
-2820
-2848
-2873
-2906
-2941
-2966
-2996
-3023
-3050
-3077
-3101
-3136
-3160
-3188
-3207
-3233
-3259
-3284
-3303
-3325
-3348
-3364
-3389
-3407
-3423
-3439
-3453
-3471
-3486
-3500
-3519
-3534
-3548
-3567
-3583
-3593
-3602
-3621
-3626
-3642
-3653
-3661
-3662
-3672
-3682
-3688
-3693
-3696
-3704
-3705
-3714
-3714
-3719
-3727
-3730
-3723
-3724
-3728
-3726
-3730
-3728
-3728
-3729
-3721
-3726
-3728
-3719
-3718
-3718
-3715
-3719
-3715
-3710
-3710
-3712
-3702
-3704
-3701
-3694
-3694
-3684
-3686
-3679
-3672
-3667
-3665
-3659
-3654
-3651
-3646
-3642
-3636
-3628
-3623
-3613
-3603
-3603
-3592
-3588
-3583
-3575
-3570
-3559
-3553
-3543
-3539
-3528
-3524
-3510
-3505
-3498
-3487
-3474
-3468
-3456
-3445
-3431
-3421
-3410
-3398
-3387
-3373
-3354
-3340
-3332
-3312
-3298
-3281
-3262
-3248
-3230
-3211
-3194
-3178
-3157
-3140
-3118
-3097
-3072
-3052
-3029
-3006
-2981
-2959
-2935
-2912
-2886
-2862
-2836
-2807
-2781
-2748
-2724
-2689
-2661
-2632
-2597
-2572
-2546
-2507
-2475
-2441
-2408
-2377
-2335
-2310
-2272
-2233
-2196
-2160
-2121
-2085
-2046
-2012
-1973
-1934
-1898
-1848
-1812
-1776
-1732
-1697
-1656
-1616
-1576
-1541
-1497
-1463
-1421
-1385
-1349
-1307
-1263
-1229
-1190
-1151
-1113
-1069
-1029
-995
-957
-919
-887
-844
-811
-775
-738
-702
-665
-634
-600
-565
-533
-500
-475
-434
-408
-380
-348
-325
-294
-270
-247
-216
-194
-173
-152
-127
-109
-88
-69
-54
-39
-20
-12
-1
15
29
36
45
52
59
66
65
67
69
71
72
75
64
65
57
44
44
30
22
10
-1
-11
-24
-40
-59
-76
-91
-114
-134
-154
-171
-194
-220
-244
-273
-301
-328
-353
-384
-414
-442
-477
-508
-541
-574
-612
-646
-679
-715
-754
-791
-827
-866
-910
-945
-990
-1023
-1071
-1113
-1155
-1202
-1240
-1277
-1322
-1365
-1403
-1450
-1491
-1542
-1577
-1622
-1667
-1708
-1758
-1801
-1849
-1883
-1928
-1974
-2019
-2053
-2095
-2141
-2179
-2224
-2268
-2301
-2343
-2383
-2424
-2467
-2505
-2541
-2581
-2617
-2652
-2684
-2721
-2759
-2791
-2820
-2859
-2890
-2919
-2952
-2980
-3008
-3039
-3069
-3100
-3124
-3151
-3176
-3204
-3231
-3258
-3280
-3302
-3326
-3346
-3371
-3393
-3414
-3434
-3456
-3474
-3490
-3514
-3531
-3552
-3568
-3583
-3603
-3616
-3631
-3648
-3663
-3678
-3690
-3707
-3712
-3727
-3742
-3754
-3764
-3776
-3780
-3795
-3805
-3816
-3821
-3829
-3838
-3843
-3856
-3859
-3866
-3874
-3882
-3890
-3888
-3895
-3901
-3906
-3911
-3911
-3912
-3913
-3918
-3916
-3916
-3917
-3923
-3922
-3922
-3920
-3922
-3917
-3913
-3915
-3910
-3902
-3898
-3896
-3889
-3884
-3871
-3862
-3856
-3845
-3832
-3823
-3807
-3788
-3779
-3761
-3746
-3733
-3709
-3693
-3672
-3652
-3630
-3601
-3582
-3557
-3531
-3509
-3483
-3450
-3420
-3392
-3354
-3320
-3286
-3257
-3222
-3183
-3140
-3104
-3063
-3023
-2976
-2936
-2893
-2843
-2794
-2748
-2701
-2643
-2597
-2538
-2484
-2430
-2371
-2313
-2248
-2188
-2127
-2063
-1997
-1927
-1862
-1801
-1734
-1659
-1587
-1515
-1445
-1366
-1294
-1218
-1141
-1060
-978
-899
-810
-726
-644
-560
-478
-394
-310
-220
-134
-49
45
131
218
312
403
494
583
676
769
860
949
1043
1134
1227
1313
1399
1498
1578
1669
1756
1846
1934
2019
2106
2189
2274
2354
2443
2523
2602
2683
2755
2835
2913
2988
3058
3132
3204
3265
3335
3404
3459
3520
3576
3635
3694
3744
3798
3847
3899
3942
3988
4029
4067
4101
4135
4169
4196
4228
4253
4281
4303
4321
4338
4352
4367
4379
4387
4397
4400
4408
4408
4405
4401
4398
4392
4381
4371
4357
4353
4334
4316
4299
4276
4255
4234
4207
4185
4161
4129
4101
4069
4040
4005
3970
3939
3902
3873
3840
3794
3761
3723
3682
3643
3603
3561
3525
3485
3443
3405
3363
3320
3287
3241
3207
3166
3126
3088
3053
3014
2977
2948
2909
2867
2834
2797
2761
2732
2692
2667
2635
2610
2580
2547
2526
2496
2473
2456
2425
2405
2389
2368
2354
2332
2317
2306
2286
2281
2268
2262
2251
2243
2235
2228
2230
2223
2222
2219
2217
2215
2217
2220
2221
2232
2238
2240
2248
2253
2268
2272
2283
2297
2306
2314
2332
2343
2357
2367
2386
2397
2411
2427
2441
2466
2477
2489
2507
2525
2544
2556
2574
2589
2604
2624
2635
2649
2672
2682
2693
2709
2724
2735
2746
2756
2768
2780
2787
2803
2811
2815
2824
2830
2834
2840
2846
2855
2857
2862
2863
2860
2862
2866
2865
2865
2867
2859
2855
2853
2846
2843
2834
2822
2813
2810
2793
2784
2781
2765
2750
2732
2720
2702
2686
2671
2654
2637
2623
2608
2588
2566
2553
2530
2510
2486
2470
2451
2425
2406
2386
2363
2344
2321
2304
2276
2255
2238
2210
2184
2162
2141
2116
2092
2073
2047
2023
1997
1978
1962
1934
1911
1889
1870
1843
1820
1803
1782
1759
1739
1720
1700
1680
1662
1640
1620
1595
1575
1556
1541
1519
1501
1484
1469
1448
1433
1411
1394
1380
1364
1352
1337
1326
1306
1292
1279
1268
1262
1246
1232
1222
1210
1204
1185
1172
1163
1151
1142
1127
1119
1104
1091
1085
1068
1060
1047
1039
1025
1018
1004
992
986
972
963
950
933
926
909
902
887
873
860
845
835
816
802
786
771
749
732
713
694
678
657
632
612
590
565
536
511
489
462
432
409
379
347
319
285
254
220
190
150
116
80
44
4
-36
-75
-116
-158
-202
-241
-285
-329
-373
-421
-467
-516
-568
-611
-656
-707
-754
-801
-851
-903
-942
-991
-1049
-1097
-1143
-1196
-1247
-1295
-1345
-1392
-1438
-1490
-1541
-1593
-1635
-1677
-1726
-1774
-1815
-1865
-1915
-1954
-1999
-2042
-2081
-2116
-2152
-2203
-2233
-2263
-2302
-2332
-2370
-2405
-2428
-2460
-2489
-2515
-2542
-2562
-2585
-2607
-2629
-2640
-2659
-2673
-2692
-2705
-2711
-2724
-2734
-2736
-2745
-2748
-2748
-2749
-2751
-2751
-2742
-2738
-2732
-2722
-2715
-2704
-2688
-2671
-2654
-2638
-2619
-2594
-2574
-2550
-2517
-2499
-2466
-2439
-2405
-2374
-2342
-2308
-2272
-2232
-2198
-2164
-2128
-2081
-2043
-2000
-1961
-1919
-1867
-1828
-1780
-1743
-1696
-1650
-1607
-1558
-1514
-1469
-1419
-1372
-1331
-1282
-1239
-1187
-1145
-1101
-1054
-1014
-970
-922
-888
-842
-795
-759
-711
-673
-633
-597
-561
-525
-484
-447
-417
-384
-352
-321
-288
-260
-234
-201
-177
-150
-130
-104
-88
-70
-50
-30
-12
-1
20
28
40
51
65
73
72
89
91
93
102
101
103
106
99
100
95
91
90
81
78
72
63
59
48
38
30
21
15
8
-2
-16
-24
-38
-52
-60
-78
-84
-95
-112
-121
-135
-150
-156
-172
-182
-197
-211
-219
-233
-234
-255
-267
-273
-286
-295
-304
-311
-320
-322
-330
-336
-339
-350
-352
-357
-360
-360
-361
-353
-357
-357
-357
-354
-348
-348
-340
-340
-330
-321
-315
-311
-299
-286
-281
-271
-263
-250
-237
-226
-211
-193
-179
-169
-154
-141
-121
-100
-82
-66
-46
-25
-8
10
28
51
68
87
109
131
148
169
187
207
228
247
267
283
303
320
333
356
373
387
398
416
431
442
452
465
475
485
492
497
503
513
517
516
522
527
529
527
527
520
516
512
497
490
482
470
455
442
427
409
386
367
350
324
297
270
245
210
178
147
112
78
39
6
-39
-76
-123
-166
-214
-260
-308
-356
-407
-460
-509
-567
-625
-675
-732
-793
-850
-912
-970
-1031
-1090
-1156
-1217
-1280
-1341
-1402
-1468
-1536
-1599
-1665
-1725
-1793
-1859
-1918
-1984
-2050
-2111
-2177
-2241
-2303
-2372
-2435
-2495
-2558
-2621
-2681
-2738
-2794
-2852
-2911
-2963
-3018
-3069
-3115
-3170
-3215
-3264
-3314
-3353
-3393
-3430
-3465
-3506
-3542
-3581
-3613
-3644
-3674
-3700
-3728
-3745
-3776
-3791
-3807
-3827
-3841
-3859
-3862
-3875
-3883
-3884
-3886
-3885
-3885
-3881
-3882
-3873
-3864
-3855
-3843
-3827
-3811
-3790
-3768
-3752
-3726
-3698
-3673
-3648
-3615
-3590
-3552
-3522
-3489
-3451
-3418
-3380
-3345
-3308
-3266
-3221
-3182
-3140
-3100
-3051
-3017
-2967
-2924
-2879
-2837
-2792
-2748
-2700
-2657
-2616
-2573
-2531
-2487
-2443
-2405
-2359
-2320
-2281
-2242
-2204
-2167
-2133
-2104
-2065
-2029
-2003
-1972
-1944
-1917
-1892
-1866
-1837
-1820
-1795
-1775
-1760
-1741
-1726
-1712
-1698
-1685
-1677
-1669
-1667
-1659
-1660
-1659
-1659
-1668
-1665
-1675
-1681
-1690
-1704
-1718
-1737
-1750
-1768
-1789
-1813
-1833
-1854
-1884
-1912
-1941
-1970
-2002
-2032
-2065
-2102
-2135
-2169
-2210
-2252
-2291
-2327
-2370
-2412
-2461
-2511
-2547
-2591
-2639
-2694
-2736
-2780
-2830
-2877
-2924
-2974
-3022
-3071
-3119
-3165
-3216
-3258
-3303
-3351
-3399
-3444
-3487
-3535
-3576
-3624
-3661
-3709
-3750
-3793
-3832
-3870
-3914
-3944
-3983
-4018
-4053
-4088
-4119
-4145
-4173
-4204
-4232
-4256
-4280
-4300
-4314
-4337
-4356
-4371
-4386
-4396
-4411
-4415
-4427
-4435
-4436
-4441
-4441
-4444
-4436
-4435
-4434
-4427
-4423
-4407
-4402
-4389
-4381
-4365
-4349
-4338
-4315
-4296
-4278
-4256
-4236
-4211
-4183
-4157
-4132
-4109
-4077
-4042
-4014
-3979
-3953
-3917
-3886
-3847
-3814
-3777
-3745
-3714
-3677
-3642
-3607
-3575
-3534
-3487
-3459
-3422
-3386
-3347
-3310
-3275
-3234
-3200
-3162
-3130
-3094
-3061
-3025
-2991
-2959
-2924
-2897
-2862
-2834
-2805
-2770
-2742
-2722
-2691
-2667
-2642
-2617
-2599
-2575
-2551
-2530
-2513
-2492
-2474
-2464
-2454
-2437
-2424
-2416
-2406
-2404
-2397
-2392
-2388
-2383
-2381
-2382
-2379
-2381
-2388
-2394
-2400
-2403
-2410
-2424
-2439
-2448
-2463
-2472
-2486
-2506
-2526
-2542
-2557
-2576
-2594
-2612
-2635
-2657
-2682
-2707
-2731
-2756
-2774
-2806
-2827
-2859
-2888
-2911
-2942
-2968
-3001
-3031
-3058
-3086
-3116
-3150
-3176
-3206
-3239
-3265
-3290
-3322
-3347
-3372
-3395
-3423
-3447
-3467
-3497
-3516
-3536
-3556
-3575
-3594
-3609
-3626
-3645
-3660
-3680
-3690
-3700
-3709
-3720
-3729
-3732
-3739
-3748
-3750
-3752
-3748
-3748
-3748
-3746
-3742
-3734
-3725
-3713
-3705
-3696
-3680
-3665
-3650
-3635
-3620
-3602
-3577
-3557
-3538
-3516
-3489
-3458
-3440
-3411
-3389
-3361
-3328
-3295
-3269
-3239
-3202
-3177
-3142
-3109
-3074
-3038
-3007
-2967
-2930
-2893
-2855
-2823
-2786
-2755
-2718
-2677
-2645
-2608
-2573
-2528
-2498
-2464
-2432
-2394
-2361
-2327
-2292
-2262
-2224
-2197
-2160
-2130
-2098
-2073
-2048
-2022
-1990
-1964
-1941
-1916
-1892
-1866
-1850
-1827
-1810
-1791
-1774
-1755
-1746
-1729
-1716
-1705
-1692
-1679
-1666
-1654
-1643
-1639
-1628
-1625
-1617
-1611
-1612
-1616
-1612
-1610
-1607
-1606
-1607
-1602
-1603
-1603
-1607
-1614
-1618
-1622
-1627
-1628
-1636
-1637
-1639
-1644
-1647
-1650
-1652
-1658
-1664
-1669
-1673
-1684
-1680
-1681
-1693
-1688
-1692
-1698
-1701
-1703
-1700
-1705
-1703
-1703
-1701
-1701
-1699
-1696
-1685
-1681
-1674
-1666
-1666
-1654
-1643
-1631
-1630
-1617
-1603
-1588
-1573
-1561
-1547
-1531
-1511
-1493
-1469
-1456
-1433
-1414
-1387
-1361
-1337
-1312
-1282
-1257
-1226
-1196
-1165
-1129
-1093
-1065
-1029
-992
-958
-922
-884
-846
-803
-765
-722
-679
-636
-597
-553
-511
-466
-412
-371
-321
-270
-225
-175
-122
-73
-22
30
82
131
191
241
292
349
402
458
516
565
622
677
731
792
846
901
958
1016
1069
1119
1181
1233
1290
1354
1405
1463
1524
1581
1636
1692
1757
1807
1863
1918
1974
2032
2082
2146
2192
2250
2306
2358
2416
2469
2522
2574
2628
2680
2729
2779
2830
2883
2927
2984
3038
3081
3130
3170
3219
3269
3316
3358
3405
3447
3488
3533
3576
3614
3653
3694
3737
3777
3810
3845
3884
3926
3960
3998
4030
4061
4091
4121
4151
4182
4208
4236
4263
4295
4324
4346
4373
4399
4417
4439
4464
4486
4511
4530
4545
4567
4585
4601
4620
4637
4653
4670
4689
4698
4714
4724
4735
4749
4760
4775
4785
4794
4807
4808
4820
4835
4847
4858
4863
4880
4885
4894
4905
4909
4922
4932
4936
4945
4958
4965
4981
4987
4997
5005
5015
5028
5036
5050
5057
5071
5083
5098
5104
5117
5129
5138
5155
5165
5184
5196
5214
5236
5252
5268
5281
5306
5326
5348
5370
5389
5415
5436
5459
5479
5506
5526
5555
5571
5597
5628
5655
5683
5713
5735
5764
5797
5826
5858
5886
5915
5950
5982
6010
6044
6075
6102
6135
6170
6201
6235
6266
6296
6333
6367
6403
6431
6462
6495
6529
6561
6595
6620
6656
6689
6721
6749
6784
6813
6840
6871
6900
6931
6960
6988
7007
7039
7066
7096
7117
7145
7167
7187
7215
7232
7254
7273
7293
7310
7326
7343
7361
7375
7392
7406
7417
7428
7441
7448
7457
7472
7476
7484
7493
7498
7505
7505
7509
7512
7511
7512
7513
7513
7516
7515
7516
7514
7507
7506
7495
7496
7490
7481
7478
7471
7469
7460
7448
7442
7432
7423
7417
7395
7388
7370
7363
7346
7332
7320
7301
7296
7280
7271
7257
7238
7228
7210
7197
7184
7168
7153
7139
7129
7115
7104
7091
7077
7068
7048
7039
7023
7014
6999
6987
6977
6968
6961
6944
6930
6921
6916
6905
6902
6890
6877
6871
6861
6856
6848
6841
6834
6825
6823
6819
6810
6811
6804
6801
6799
6791
6793
6791
6789
6788
6785
6788
6784
6790
6789
6792
6792
6797
6795
6794
6795
6795
6803
6805
6798
6811
6812
6815
6820
6821
6825
6830
6836
6836
6840
6847
6851
6854
6860
6854
6868
6865
6870
6874
6875
6880
6888
6895
6890
6896
6899
6897
6901
6900
6902
6899
6900
6898
6897
6895
6891
6895
6893
6884
6876
6870
6865
6860
6855
6849
6836
6826
6810
6806
6795
6781
6764
6752
6739
6720
6706
6684
6669
6651
6626
6606
6581
6553
6529
6498
6474
6444
6415
6384
6349
6320
6285
6253
6216
6181
6141
6098
6059
6022
5981
5932
5887
5844
5794
5748
5694
5642
5590
5539
5481
5422
5372
5309
5248
5192
5129
5069
5004
4936
4875
4804
4740
4668
4598
4535
4464
4387
4318
4240
4163
4097
4017
3942
3867
3785
3710
3630
3544
3465
3384
3304
3224
3143
3060
2982
2900
2812
2734
2648
2556
2475
2395
2314
2228
2146
2065
1978
1895
1815
1732
1646
1563
1485
1410
1322
1238
1159
1079
999
918
836
757
679
605
532
454
378
306
234
157
85
17
-51
-120
-185
-252
-319
-387
-454
-514
-579
-642
-701
-760
-816
-871
-929
-984
-1033
-1088
-1141
-1194
-1245
-1285
-1335
-1379
-1427
-1470
-1514
-1555
-1591
-1631
-1672
-1711
-1745
-1785
-1827
-1857
-1888
-1921
-1951
-1984
-2013
-2043
-2069
-2098
-2124
-2154
-2182
-2207
-2231
-2256
-2282
-2307
-2331
-2352
-2374
-2397
-2419
-2439
-2463
-2484
-2504
-2526
-2547
-2570
-2592
-2611
-2627
-2641
-2660
-2684
-2703
-2722
-2743
-2757
-2773
-2795
-2812
-2826
-2846
-2866
-2885
-2903
-2925
-2940
-2961
-2985
-3003
-3018
-3044
-3060
-3086
-3109
-3129
-3151
-3176
-3197
-3217
-3239
-3263
-3285
-3310
-3329
-3355
-3381
-3408
-3423
-3458
-3482
-3507
-3534
-3562
-3587
-3616
-3646
-3673
-3700
-3730
-3761
-3788
-3823
-3851
-3885
-3916
-3949
-3976
-4010
-4037
-4071
-4105
-4136
-4176
-4201
-4238
-4271
-4306
-4340
-4375
-4411
-4445
-4480
-4516
-4551
-4589
-4629
-4664
-4699
-4736
-4770
-4811
-4841
-4879
-4922
-4958
-5000
-5033
-5071
-5110
-5145
-5179
-5221
-5255
-5292
-5333
-5369
-5408
-5444
-5480
-5524
-5558
-5589
-5632
-5663
-5699
-5737
-5770
-5806
-5840
-5874
-5905
-5938
-5977
-6008
-6042
-6071
-6100
-6137
-6164
-6195
-6225
-6250
-6280
-6312
-6335
-6363
-6383
-6410
-6431
-6453
-6478
-6501
-6519
-6547
-6562
-6574
-6594
-6609
-6627
-6641
-6654
-6671
-6677
-6694
-6706
-6717
-6728
-6727
-6738
-6745
-6750
-6757
-6758
-6757
-6764
-6768
-6769
-6765
-6768
-6763
-6757
-6751
-6745
-6738
-6739
-6726
-6717
-6703
-6693
-6681
-6675
-6654
-6638
-6626
-6609
-6593
-6575
-6555
-6535
-6512
-6488
-6468
-6439
-6416
-6395
-6373
-6355
-6327
-6303
-6277
-6251
-6221
-6192
-6166
-6138
-6104
-6076
-6051
-6020
-5986
-5956
-5927
-5893
-5858
-5830
-5793
-5759
-5725
-5692
-5655
-5625
-5591
-5557
-5523
-5492
-5464
-5430
-5397
-5358
-5323
-5296
-5261
-5232
-5199
-5162
-5131
-5099
-5070
-5036
-5005
-4974
-4939
-4910
-4880
-4855
-4824
-4793
-4761
-4738
-4702
-4676
-4645
-4622
-4597
-4572
-4546
-4517
-4495
-4472
-4445
-4422
-4396
-4368
-4343
-4325
-4299
-4273
-4257
-4234
-4213
-4195
-4178
-4162
-4139
-4121
-4104
-4086
-4068
-4054
-4037
-4023
-4010
-3996
-3980
-3965
-3956
-3939
-3927
-3917
-3905
-3893
-3886
-3876
-3863
-3856
-3844
-3829
-3818
-3814
-3802
-3794
-3783
-3778
-3768
-3762
-3753
-3745
-3738
-3727
-3728
-3725
-3718
-3706
-3705
-3704
-3698
-3699
-3691
-3690
-3682
-3686
-3684
-3680
-3671
-3669
-3669
-3665
-3665
-3655
-3659
-3663
-3663
-3658
-3658
-3660
-3656
-3659
-3657
-3663
-3661
-3658
-3656
-3661
-3658
-3657
-3653
-3658
-3657
-3659
-3654
-3653
-3654
-3644
-3643
-3645
-3643
-3639
-3636
-3627
-3628
-3621
-3617
-3608
-3608
-3601
-3587
-3588
-3581
-3573
-3564
-3560
-3555
-3546
-3540
-3526
-3521
-3508
-3494
-3483
-3480
-3467
-3452
-3443
-3432
-3419
-3402
-3391
-3377
-3359
-3345
-3331
-3316
-3295
-3278
-3260
-3241
-3218
-3199
-3184
-3163
-3141
-3118
-3098
-3070
-3053
-3031
-3005
-2981
-2957
-2930
-2912
-2879
-2857
-2833
-2804
-2780
-2756
-2730
-2702
-2670
-2646
-2618
-2591
-2563
-2535
-2504
-2467
-2445
-2412
-2382
-2351
-2321
-2295
-2262
-2238
-2200
-2169
-2140
-2112
-2078
-2048
-2019
-1988
-1959
-1934
-1906
-1876
-1849
-1819
-1792
-1764
-1737
-1708
-1679
-1653
-1636
-1616
-1582
-1553
-1540
-1514
-1496
-1472
-1450
-1436
-1409
-1391
-1377
-1359
-1344
-1328
-1309
-1295
-1283
-1278
-1267
-1252
-1241
-1234
-1229
-1228
-1213
-1211
-1214
-1210
-1205
-1206
-1204
-1211
-1211
-1213
-1216
-1224
-1228
-1238
-1241
-1255
-1258
-1272
-1281
-1293
-1309
-1316
-1331
-1344
-1362
-1379
-1394
-1410
-1429
-1448
-1467
-1479
-1501
-1525
-1542
-1565
-1584
-1601
-1623
-1636
-1655
-1681
-1704
-1720
-1745
-1770
-1788
-1814
-1830
-1845
-1867
-1882
-1909
-1921
-1943
-1962
-1982
-1994
-2008
-2022
-2032
-2050
-2063
-2074
-2080
-2097
-2098
-2110
-2107
-2116
-2117
-2113
-2123
-2116
-2113
-2112
-2108
-2095
-2097
-2088
-2078
-2063
-2057
-2047
-2028
-2011
-1989
-1969
-1949
-1928
-1902
-1876
-1846
-1818
-1792
-1758
-1721
-1684
-1648
-1613
-1568
-1527
-1484
-1438
-1388
-1346
-1293
-1239
-1190
-1133
-1079
-1019
-957
-895
-838
-776
-710
-643
-575
-504
-437
-368
-297
-230
-152
-77
2
81
158
233
308
392
473
553
629
714
793
880
960
1047
1125
1211
1296
1379
1464
1546
1636
1709
1799
1880
1960
2043
2118
2206
2290
2364
2446
2523
2600
2678
2757
2831
2904
2984
3058
3127
3202
3274
3347
3418
3486
3552
3613
3677
3746
3807
3870
3934
3992
4057
4116
4179
4230
4286
4343
4395
4449
4503
4552
4606
4649
4698
4746
4790
4841
4879
4925
4969
5006
5042
5083
5124
5162
5201
5237
5272
5301
5335
5372
5404
5434
5468
5494
5523
5552
5583
5609
5628
5657
5682
5697
5727
5755
5767
5793
5810
5828
5849
5867
5883
5903
5916
5928
5944
5960
5971
5989
5999
6008
6025
6033
6045
6062
6079
6089
6098
6108
6113
6131
6138
6150
6154
6166
6183
6196
6204
6209
6220
6227
6239
6250
6256
6260
6272
6291
6296
6302
6319
6324
6337
6349
6353
6368
6373
6385
6397
6417
6424
6438
6454
6460
6472
6485
6500
6512
6525
6537
6549
6561
6578
6589
6601
6618
6630
6648
6660
6676
6693
6711
6720
6738
6752
6766
6780
6791
6813
6826
6839
6859
6877
6890
6905
6925
6934
6952
6970
6982
6999
7012
7026
7039
7057
7064
7083
7091
7105
7118
7121
7139
7148
7158
7167
7176
7188
7192
7202
7206
7213
7220
7231
7232
7235
7241
7241
7243
7246
7248
7248
7248
7243
7238
7241
7228
7227
7219
7210
7204
7193
7186
7171
7164
7145
7129
7114
7099
7086
7065
7046
7021
7003
6979
6951
6927
6898
6872
6837
6810
6778
6745
6713
6672
6633
6592
6555
6516
6465
6425
6382
6338
6290
6244
6197
6142
6086
6036
5979
5927
5869
5804
5749
5684
5627
5565
5500
5434
5373
5303
5238
5170
5102
5024
4956
4889
4819
4744
4665
4587
4511
4432
4362
4283
4202
4129
4051
3974
3890
3817
3738
3654
3580
3495
3410
3334
3256
3177
3097
3019
2932
2858
2776
2699
2619
2540
2466
2385
2307
2231
2154
2079
2001
1923
1847
1769
1699
1622
1550
1480
1405
1335
1262
1189
1126
1057
989
926
855
791
729
665
603
540
485
422
363
310
250
195
140
85
27
-22
-79
-128
-176
-227
-272
-324
-370
-422
-462
-500
-545
-588
-635
-672
-716
-754
-789
-830
-866
-905
-939
-973
-1008
-1041
-1075
-1106
-1134
-1169
-1192
-1232
-1257
-1284
-1318
-1343
-1376
-1401
-1429
-1452
-1477
-1503
-1526
-1554
-1583
-1600
-1626
-1650
-1672
-1694
-1719
-1742
-1769
-1797
-1818
-1838
-1860
-1889
-1913
-1941
-1961
-1982
-2001
-2029
-2052
-2068
-2096
-2117
-2141
-2162
-2185
-2207
-2236
-2257
-2277
-2306
-2329
-2352
-2381
-2399
-2426
-2452
-2478
-2508
-2528
-2558
-2583
-2611
-2638
-2667
-2692
-2714
-2744
-2774
-2801
-2828
-2855
-2883
-2911
-2928
-2964
-2990
-3019
-3043
-3068
-3096
-3126
-3154
-3181
-3208
-3234
-3261
-3286
-3307
-3336
-3360
-3381
-3411
-3432
-3457
-3479
-3499
-3521
-3545
-3568
-3581
-3604
-3625
-3646
-3664
-3684
-3695
-3712
-3732
-3744
-3761
-3775
-3790
-3804
-3817
-3826
-3842
-3849
-3858
-3869
-3880
-3889
-3897
-3903
-3913
-3926
-3928
-3939
-3939
-3943
-3952
-3956
-3961
-3964
-3968
-3971
-3973
-3980
-3991
-3984
-3985
-3993
-3990
-3996
-3992
-3996
-3994
-3996
-3996
-3991
-3994
-3996
-3998
-3999
-3998
-3993
-3991
-3991
-3991
-3986
-3993
-3993
-3986
-3986
-3986
-3985
-3989
-3983
-3983
-3983
-3981
-3985
-3986
-3987
-3982
-3982
-3982
-3982
-3983
-3981
-3976
-3979
-3981
-3980
-3978
-3977
-3974
-3971
-3975
-3977
-3978
-3975
-3977
-3974
-3975
-3969
-3962
-3962
-3958
-3961
-3954
-3951
-3945
-3946
-3939
-3934
-3932
-3929
-3922
-3914
-3911
-3903
-3890
-3886
-3881
-3868
-3864
-3856
-3843
-3835
-3827
-3814
-3806
-3792
-3776
-3764
-3756
-3739
-3725
-3710
-3693
-3679
-3665
-3645
-3626
-3605
-3590
-3565
-3550
-3525
-3501
-3477
-3456
-3429
-3402
-3380
-3355
-3325
-3305
-3279
-3245
-3216
-3189
-3154
-3125
-3098
-3063
-3039
-3001
-2969
-2941
-2901
-2863
-2833
-2796
-2761
-2725
-2694
-2654
-2618
-2582
-2542
-2509
-2468
-2431
-2388
-2356
-2321
-2280
-2239
-2201
-2161
-2124
-2088
-2046
-2011
-1972
-1939
-1902
-1864
-1828
-1796
-1757
-1719
-1687
-1651
-1614
-1579
-1548
-1514
-1479
-1446
-1417
-1387
-1351
-1322
-1295
-1266
-1238
-1211
-1180
-1155
-1129
-1102
-1078
-1060
-1035
-1012
-988
-969
-951
-927
-908
-892
-876
-864
-847
-832
-815
-803
-787
-783
-769
-760
-750
-741
-739
-722
-715
-710
-710
-707
-706
-700
-694
-693
-697
-692
-693
-698
-701
-700
-699
-709
-711
-717
-727
-728
-732
-742
-746
-751
-761
-765
-772
-777
-790
-797
-805
-812
-825
-835
-848
-860
-866
-880
-888
-896
-915
-927
-925
-936
-946
-953
-965
-972
-978
-983
-991
-1004
-1011
-1018
-1025
-1028
-1029
-1038
-1046
-1050
-1055
-1059
-1061
-1063
-1069
-1070
-1070
-1069
-1067
-1073
-1066
-1067
-1064
-1060
-1056
-1052
-1046
-1036
-1033
-1023
-1015
-1007
-994
-988
-971
-960
-948
-931
-914
-900
-882
-869
-849
-829
-809
-787
-768
-745
-720
-693
-675
-650
-626
-602
-573
-545
-520
-490
-456
-430
-392
-366
-331
-296
-269
-236
-202
-171
-141
-108
-71
-39
-6
27
56
94
128
159
200
231
265
305
332
371
403
436
470
500
537
577
604
636
670
699
733
762
793
826
855
882
916
946
970
1001
1025
1054
1085
1113
1138
1166
1195
1218
1246
1273
1298
1320
1347
1368
1390
1414
1436
1463
1476
1501
1521
1541
1561
1574
1593
1611
1628
1646
1661
1670
1686
1704
1712
1719
1732
1743
1752
1759
1767
1774
1778
1785
1790
1793
1798
1798
1804
1799
1804
1803
1801
1796
1790
1792
1790
1780
1775
1765
1760
1746
1739
1728
1713
1698
1689
1677
1666
1652
1630
1621
1599
1591
1574
1549
1529
1521
1498
1477
1462
1440
1427
1402
1384
1364
1342
1323
1306
1286
1263
1242
1227
1206
1186
1169
1147
1135
1111
1097
1083
1063
1044
1033
1021
1001
991
980
962
947
939
927
920
906
895
891
878
873
865
859
860
858
853
845
843
846
843
840
847
848
849
853
854
858
872
877
883
892
895
910
920
930
940
951
971
983
1000
1015
1034
1046
1066
1087
1105
1123
1147
1162
1177
1201
1222
1249
1270
1296
1317
1345
1370
1391
1416
1443
1471
1495
1524
1551
1579
1606
1633
1656
1688
1720
1745
1775
1800
1839
1863
1889
1923
1940
1973
2006
2027
2056
2084
2109
2134
2162
2192
2212
2238
2263
2284
2312
2332
2357
2382
2405
2425
2445
2466
2479
2504
2527
2540
2553
2567
2584
2597
2612
2633
2641
2656
2667
2677
2690
2698
2709
2716
2724
2730
2736
2743
2750
2753
2755
2755
2752
2758
2759
2752
2755
2755
2750
2745
2738
2744
2739
2729
2730
2722
2716
2708
2703
2692
2679
2677
2660
2654
2639
2622
2610
2596
2586
2572
2557
2540
2526
2512
2497
2478
2463
2444
2427
2408
2389
2367
2349
2333
2310
2292
2276
2254
2230
2211
2191
2176
2152
2129
2113
2098
2075
2052
2033
2015
2002
1983
1962
1948
1931
1918
1905
1883
1872
1861
1855
1835
1824
1821
1807
1799
1790
1785
1778
1770
1765
1761
1756
1753
1746
1745
1746
1748
1752
1754
1759
1768
1770
1779
1784
1791
1806
1815
1831
1843
1862
1876
1898
1913
1930
1949
1971
1993
2015
2043
2071
2092
2114
2140
2166
2199
2224
2253
2289
2325
2353
2384
2417
2446
2484
2524
2554
2592
2626
2658
2697
2736
2771
2807
2850
2888
2925
2965
3003
3046
3084
3132
3165
3203
3240
3279
3321
3355
3399
3434
3475
3515
3555
3594
3631
3670
3704
3741
3777
3818
3852
3890
3922
3961
3993
4028
4063
4098
4129
4162
4196
4227
4259
4279
4312
4342
4371
4395
4423
4449
4479
4503
4529
4551
4574
4602
4622
4644
4668
4693
4709
4731
4753
4774
4793
4814
4834
4844
4866
4891
4905
4921
4938
4952
4968
4984
5002
5014
5030
5042
5055
5070
5079
5097
5105
5111
5122
5138
5152
5159
5167
5175
5186
5195
5204
5212
5218
5228
5237
5248
5254
5256
5266
5267
5271
5278
5279
5287
5289
5291
5294
5298
5293
5301
5298
5299
5300
5293
5292
5289
5287
5288
5276
5272
5259
5258
5253
5244
5237
5225
5219
5204
5196
5180
5167
5152
5138
5126
5111
5097
5082
5061
5043
5024
5000
4979
4959
4939
4917
4892
4871
4847
4820
4800
4776
4748
4720
4685
4659
4636
4606
4576
4542
4516
4484
4450
4424
4394
4358
4325
4293
4257
4226
4186
4150
4112
4082
4041
4009
3976
3935
3906
3866
3831
3793
3747
3713
3677
3639
3601
3563
3527
3489
3449
3411
3373
3334
3295
3263
3227
3188
3150
3116
3078
3040
3006
2968
2929
2889
2854
2819
2781
2748
2713
2672
2640
2598
2563
2535
2494
2460
2425
2392
2355
2327
2291
2257
2220
2184
2154
2119
2084
2049
2017
1983
1949
1910
1880
1848
1806
1770
1740
1699
1667
1632
1596
1558
1526
1487
1453
1415
1380
1345
1305
1265
1230
1191
1153
1114
1070
1032
985
940
896
855
809
764
724
669
626
570
521
476
422
368
317
264
205
148
95
33
-25
-85
-146
-206
-271
-338
-403
-463
-534
-598
-665
-728
-805
-876
-944
-1023
-1093
-1172
-1245
-1321
-1394
-1469
-1550
-1626
-1706
-1784
-1872
-1947
-2025
-2111
-2193
-2278
-2361
-2447
-2530
-2611
-2695
-2783
-2861
-2950
-3037
-3122
-3206
-3287
-3381
-3464
-3545
-3632
-3714
-3797
-3886
-3967
-4051
-4133
-4221
-4302
-4384
-4472
-4552
-4630
-4713
-4797
-4882
-4958
-5040
-5115
-5189
-5266
-5349
-5424
-5494
-5566
-5638
-5706
-5781
-5844
-5916
-5986
-6044
-6114
-6182
-6241
-6309
-6371
-6427
-6487
-6544
-6594
-6645
-6699
-6748
-6800
-6847
-6894
-6939
-6984
-7030
-7067
-7109
-7146
-7184
-7221
-7251
-7280
-7315
-7342
-7369
-7393
-7413
-7444
-7464
-7488
-7504
-7519
-7537
-7555
-7567
-7575
-7587
-7597
-7603
-7608
-7616
-7610
-7611
-7614
-7614
-7608
-7610
-7602
-7603
-7594
-7582
-7577
-7564
-7547
-7541
-7529
-7515
-7502
-7488
-7470
-7447
-7431
-7414
-7398
-7380
-7360
-7339
-7322
-7300
-7282
-7256
-7232
-7207
-7185
-7161
-7133
-7108
-7085
-7057
-7037
-7011
-6979
-6955
-6929
-6907
-6882
-6853
-6830
-6805
-6783
-6762
-6731
-6706
-6680
-6656
-6630
-6603
-6577
-6556
-6529
-6503
-6483
-6458
-6433
-6408
-6385
-6360
-6341
-6319
-6296
-6275
-6253
-6235
-6216
-6190
-6178
-6157
-6144
-6127
-6107
-6092
-6075
-6064
-6050
-6031
-6019
-6006
-5993
-5988
-5974
-5961
-5951
-5946
-5942
-5927
-5924
-5916
-5905
-5900
-5899
-5892
-5886
-5886
-5882
-5881
-5873
-5871
-5872
-5870
-5873
-5870
-5874
-5873
-5869
-5869
-5874
-5876
-5881
-5882
-5884
-5893
-5894
-5899
-5903
-5903
-5908
-5912
-5922
-5927
-5938
-5945
-5953
-5959
-5970
-5983
-5992
-6005
-6010
-6022
-6041
-6051
-6063
-6085
-6098
-6113
-6125
-6146
-6159
-6183
-6197
-6204
-6229
-6244
-6265
-6289
-6313
-6332
-6350
-6372
-6400
-6421
-6445
-6463
-6486
-6511
-6536
-6564
-6584
-6610
-6633
-6661
-6682
-6708
-6734
-6765
-6784
-6809
-6832
-6860
-6881
-6905
-6929
-6951
-6978
-7001
-7022
-7045
-7067
-7089
-7114
-7137
-7157
-7182
-7198
-7224
-7234
-7252
-7270
-7285
-7301
-7318
-7335
-7349
-7364
-7376
-7395
-7401
-7416
-7428
-7432
-7441
-7449
-7456
-7464
-7461
-7466
-7472
-7474
-7476
-7473
-7472
-7468
-7466
-7464
-7458
-7454
-7445
-7437
-7431
-7419
-7412
-7397
-7386
-7374
-7352
-7344
-7324
-7301
-7285
-7266
-7244
-7227
-7196
-7168
-7147
-7121
-7097
-7063
-7031
-6998
-6966
-6932
-6897
-6862
-6824
-6794
-6755
-6712
-6673
-6631
-6589
-6547
-6503
-6460
-6409
-6367
-6318
-6264
-6227
-6178
-6129
-6077
-6031
-5984
-5932
-5882
-5834
-5781
-5731
-5679
-5629
-5585
-5530
-5478
-5431
-5381
-5334
-5287
-5228
-5186
-5136
-5094
-5044
-5000
-4958
-4908
-4866
-4822
-4775
-4730
-4688
-4652
-4609
-4564
-4525
-4485
-4448
-4407
-4371
-4339
-4300
-4260
-4225
-4193
-4161
-4128
-4100
-4066
-4037
-4006
-3980
-3949
-3920
-3895
-3864
-3844
-3817
-3794
-3765
-3749
-3723
-3701
-3677
-3651
-3634
-3610
-3588
-3566
-3546
-3523
-3505
-3486
-3468
-3452
-3425
-3406
-3388
-3368
-3353
-3339
-3314
-3300
-3286
-3262
-3241
-3223
-3208
-3189
-3168
-3149
-3125
-3105
-3088
-3059
-3041
-3015
-2993
-2968
-2949
-2926
-2902
-2872
-2847
-2818
-2791
-2763
-2731
-2701
-2668
-2636
-2606
-2571
-2539
-2501
-2463
-2432
-2381
-2340
-2306
-2266
-2220
-2173
-2126
-2083
-2036
-1981
-1931
-1882
-1833
-1773
-1720
-1664
-1606
-1544
-1486
-1424
-1362
-1297
-1236
-1168
-1102
-1035
-971
-897
-824
-759
-683
-615
-542
-470
-396
-312
-242
-171
-91
-17
66
141
218
301
379
459
537
615
691
772
853
932
1014
1088
1163
1249
1323
1404
1479
1556
1633
1708
1783
1857
1937
2011
2084
2157
2228
2295
2373
2446
2519
2588
2651
2720
2797
2860
2926
2995
3063
3124
3189
3245
3311
3374
3430
3491
3552
3606
3664
3715
3771
3825
3876
3927
3973
4023
4068
4115
4157
4202
4246
4289
4330
4368
4403
4439
4473
4508
4540
4576
4607
4635
4659
4686
4713
4737
4765
4783
4808
4825
4839
4858
4875
4890
4909
4917
4927
4935
4953
4963
4970
4979
4982
4983
4984
4985
4985
4986
4986
4981
4983
4983
4973
4971
4967
4962
4953
4946
4942
4939
4929
4921
4916
4905
4900
4892
4879
4874
4859
4852
4844
4829
4820
4810
4803
4797
4784
4773
4768
4759
4752
4746
4738
4729
4727
4720
4716
4711
4713
4707
4701
4700
4701
4700
4698
4700
4699
4703
4705
4710
4713
4718
4715
4719
4732
4734
4743
4753
4763
4767
4781
4789
4798
4818
4821
4834
4847
4865
4878
4888
4911
4927
4945
4955
4978
5000
5016
5035
5051
5074
5096
5113
5137
5161
5180
5206
5232
5254
5280
5310
5338
5365
5396
5421
5454
5478
5507
5539
5571
5601
5633
5657
5693
5723
5758
5795
5828
5862
5894
5929
5960
5995
6033
6070
6107
6142
6172
6215
6247
6287
6333
6368
6407
6443
6483
6518
6560
6597
6631
6670
6707
6749
6790
6828
6864
6902
6939
6977
7016
7050
7085
7122
7155
7194
7236
7270
7309
7349
7382
7418
7453
7487
7517
7553
7587
7617
7656
7688
7718
7754
7781
7811
7835
7865
7901
7929
7950
7981
8007
8031
8057
8082
8097
8119
8145
8167
8183
8203
8214
8232
8250
8263
8276
8293
8302
8309
8313
8320
8324
8324
8330
8330
8334
8330
8328
8326
8319
8312
8304
8298
8284
8274
8261
8246
8229
8219
8194
8180
8158
8136
8118
8087
8060
8032
8006
7976
7943
7914
7881
7847
7811
7774
7734
7696
7644
7608
7572
7533
7484
7441
7395
7345
7302
7256
7204
7159
7110
7062
7013
6960
6906
6858
6805
6752
6697
6644
6593
6542
6491
6435
6385
6334
6280
6226
6166
6118
6063
6009
5957
5907
5853
5801
5750
5704
5649
5600
5551
5503
5452
5402
5351
5305
5260
5207
5160
5114
5067
5024
4981
4931
4891
4846
4803
4761
4722
4675
4635
4596
4560
4519
4475
4435
4395
4364
4327
4290
4252
4221
4184
4149
4116
4079
4050
4020
3988
3954
3926
3899
3868
3839
3811
3786
3761
3730
3706
3680
3656
3634
3609
3590
3563
3548
3525
3501
3485
3467
3443
3431
3409
3390
3371
3355
3339
3317
3306
3287
3269
3254
3244
3226
3210
3197
3178
3166
3159
3137
3120
3112
3093
3079
3066
3054
3039
3027
3014
2999
2990
2976
2956
2941
2934
2914
2901
2887
2867
2850
2830
2814
2799
2778
2760
2735
2718
2702
2677
2655
2634
2609
2591
2570
2545
2521
2497
2478
2453
2426
2397
2368
2348
2316
2284
2255
2224
2197
2157
2125
2097
2065
2028
1992
1963
1921
1887
1849
1810
1769
1724
1684
1642
1599
1556
1513
1470
1424
1372
1331
1282
1234
1189
1136
1094
1041
988
941
881
830
778
730
671
623
564
508
449
393
341
280
229
175
116
52
-5
-64
-116
-179
-233
-295
-356
-418
-477
-531
-596
-655
-715
-772
-833
-889
-953
-1019
-1077
-1138
-1195
-1255
-1315
-1378
-1440
-1498
-1556
-1623
-1685
-1745
-1808
-1867
-1924
-1990
-2053
-2112
-2173
-2233
-2296
-2358
-2415
-2480
-2538
-2600
-2665
-2730
-2792
-2852
-2913
-2975
-3039
-3098
-3159
-3217
-3285
-3343
-3402
-3460
-3525
-3595
-3648
-3712
-3770
-3823
-3888
-3950
-4011
-4067
-4129
-4190
-4240
-4298
-4362
-4417
-4477
-4534
-4588
-4642
-4700
-4751
-4807
-4857
-4915
-4968
-5023
-5075
-5119
-5173
-5229
-5275
-5328
-5379
-5425
-5479
-5524
-5574
-5626
-5674
-5723
-5768
-5820
-5869
-5910
-5962
-6010
-6056
-6104
-6150
-6200
-6246
-6292
-6339
-6390
-6433
-6478
-6529
-6575
-6621
-6670
-6719
-6762
-6816
-6859
-6908
-6954
-6999
-7047
-7096
-7142
-7188
-7239
-7289
-7340
-7388
-7436
-7489
-7538
-7588
-7635
-7687
-7737
-7788
-7832
-7888
-7945
-7987
-8041
-8092
-8138
-8195
-8245
-8301
-8350
-8402
-8446
-8501
-8548
-8601
-8648
-8699
-8747
-8792
-8847
-8888
-8942
-8992
-9033
-9083
-9130
-9181
-9222
-9267
-9311
-9351
-9397
-9430
-9473
-9512
-9551
-9587
-9623
-9654
-9688
-9727
-9755
-9785
-9820
-9846
-9873
-9896
-9921
-9944
-9969
-9991
-10008
-10027
-10041
-10059
-10071
-10079
-10090
-10104
-10112
-10116
-10124
-10132
-10134
-10129
-10134
-10137
-10132
-10128
-10119
-10113
-10110
-10104
-10089
-10079
-10058
-10045
-10032
-10013
-10000
-9975
-9961
-9940
-9914
-9894
-9866
-9843
-9821
-9790
-9764
-9731
-9706
-9671
-9637
-9606
-9573
-9535
-9502
-9468
-9425
-9394
-9352
-9319
-9272
-9231
-9190
-9153
-9106
-9064
-9023
-8973
-8928
-8884
-8843
-8789
-8749
-8697
-8647
-8600
-8555
-8507
-8453
-8405
-8354
-8300
-8247
-8193
-8148
-8095
-8040
-7989
-7937
-7883
-7826
-7778
-7722
-7667
-7618
-7559
-7503
-7455
-7400
-7344
-7289
-7229
-7179
-7123
-7069
-7013
-6954
-6897
-6842
-6786
-6731
-6677
-6619
-6562
-6501
-6445
-6393
-6336
-6281
-6221
-6164
-6109
-6054
-5997
-5935
-5880
-5822
-5764
-5705
-5654
-5592
-5539
-5475
-5417
-5360
-5299
-5243
-5183
-5133
-5069
-5007
-4954
-4892
-4833
-4776
-4716
-4658
-4596
-4534
-4474
-4416
-4352
-4287
-4231
-4168
-4097
-4038
-3977
-3913
-3850
-3790
-3724
-3661
-3596
-3525
-3465
-3394
-3334
-3267
-3205
-3137
-3075
-3006
-2945
-2874
-2797
-2737
-2666
-2603
-2534
-2470
-2395
-2324
-2256
-2184
-2116
-2040
-1964
-1903
-1822
-1746
-1669
-1596
-1519
-1445
-1368
-1296
-1211
-1139
-1064
-991
-906
-827
-740
-658
-580
-496
-418
-329
-246
-159
-75
7
91
173
264
351
431
527
614
699
793
882
974
1062
1155
1245
1335
1424
1520
1607
1693
1787
1872
1960
2053
2145
2228
2320
2412
2500
2584
2675
2766
2852
2938
3027
3110
3199
3286
3368
3450
3533
3619
3709
3783
3861
3946
4024
4105
4184
4262
4336
4414
4489
4561
4640
4712
4787
4860
4927
4998
5072
5137
5207
5275
5350
5417
5486
5551
5616
5682
5741
5809
5875
5939
6003
6068
6134
6194
6253
6310
6371
6435
6492
6551
6619
6676
6730
6789
6848
6902
6956
7012
7063
7118
7176
7229
7285
7338
7390
7442
7488
7542
7591
7638
7690
7738
7784
7837
7880
7930
7973
8020
8070
8112
8164
8205
8248
8290
8332
8373
8415
8453
8497
8536
8575
8614
8656
8695
8726
8769
8804
8838
8870
8905
8941
8969
9007
9041
9068
9098
9134
9161
9191
9218
9245
9273
9302
9328
9350
9381
9403
9426
9453
9471
9498
9514
9534
9558
9577
9593
9611
9628
9644
9656
9670
9684
9698
9706
9717
9721
9731
9740
9742
9749
9751
9759
9760
9762
9758
9757
9755
9746
9751
9737
9727
9722
9713
9702
9690
9673
9656
9640
9619
9602
9582
9561
9537
9511
9489
9462
9433
9404
9370
9338
9303
9266
9234
9198
9152
9106
9065
9023
8971
8921
8877
8824
8779
8726
8670
8614
8554
8495
8439
8380
8311
8245
8180
8113
8043
7980
7907
7833
7760
7683
7614
7536
7457
7383
7306
7223
7140
7058
6973
6888
6803
6718
6629
6545
6450
6357
6268
6175
6084
5992
5900
5801
5704
5609
5511
5415
5317
5217
5123
5020
4922
4822
4723
4620
4520
4424
4319
4221
4122
4017
3920
3819
3715
3617
3512
3412
3314
3209
3107
3015
2915
2812
2719
2614
2514
2422
2319
2225
2133
2031
1939
1851
1750
1662
1573
1484
1395
1303
1209
1120
1033
949
867
784
697
615
528
453
376
295
223
142
71
-8
-75
-144
-214
-285
-353
-420
-488
-550
-611
-673
-739
-794
-858
-913
-969
-1028
-1077
-1136
-1188
-1234
-1288
-1340
-1388
-1437
-1486
-1529
-1574
-1621
-1662
-1706
-1745
-1785
-1827
-1863
-1900
-1939
-1973
-2010
-2045
-2080
-2112
-2145
-2176
-2209
-2236
-2265
-2297
-2315
-2344
-2368
-2387
-2412
-2433
-2459
-2480
-2497
-2520
-2540
-2561
-2578
-2591
-2606
-2622
-2636
-2651
-2662
-2669
-2686
-2693
-2702
-2715
-2719
-2721
-2730
-2736
-2738
-2746
-2744
-2749
-2749
-2747
-2747
-2749
-2751
-2742
-2738
-2733
-2725
-2718
-2713
-2702
-2692
-2686
-2681
-2666
-2651
-2637
-2617
-2611
-2591
-2577
-2564
-2541
-2527
-2502
-2485
-2464
-2444
-2420
-2395
-2372
-2346
-2320
-2296
-2268
-2241
-2214
-2187
-2162
-2128
-2096
-2063
-2028
-2001
-1968
-1932
-1900
-1864
-1832
-1797
-1760
-1728
-1694
-1654
-1620
-1580
-1545
-1507
-1468
-1434
-1397
-1361
-1322
-1285
-1253
-1219
-1179
-1141
-1107
-1065
-1029
-997
-963
-933
-898
-869
-835
-803
-779
-742
-713
-683
-655
-631
-605
-580
-552
-525
-502
-483
-459
-445
-419
-403
-390
-373
-356
-344
-327
-318
-306
-293
-284
-277
-267
-264
-259
-259
-259
-255
-253
-259
-257
-258
-260
-262
-268
-273
-284
-287
-301
-310
-318
-334
-344
-356
-360
-378
-393
-404
-422
-434
-454
-467
-486
-503
-518
-534
-555
-576
-595
-612
-630
-650
-672
-691
-713
-736
-751
-773
-791
-815
-830
-849
-873
-888
-907
-929
-950
-966
-987
-1001
-1024
-1036
-1055
-1071
-1081
-1099
-1110
-1132
-1143
-1158
-1166
-1179
-1195
-1201
-1215
-1222
-1238
-1249
-1257
-1263
-1271
-1278
-1284
-1285
-1294
-1295
-1302
-1305
-1303
-1308
-1310
-1308
-1305
-1306
-1307
-1300
-1296
-1295
-1288
-1282
-1274
-1272
-1267
-1256
-1246
-1241
-1232
-1221
-1215
-1202
-1192
-1180
-1172
-1154
-1136
-1124
-1108
-1092
-1078
-1060
-1039
-1021
-1001
-991
-969
-943
-928
-912
-893
-873
-849
-835
-811
-792
-771
-749
-727
-702
-682
-659
-638
-617
-595
-576
-548
-525
-506
-478
-457
-435
-419
-399
-370
-348
-322
-301
-278
-255
-235
-220
-193
-176
-159
-137
-122
-100
-89
-62
-48
-28
-14
4
22
37
57
70
82
99
118
128
147
159
175
183
190
206
214
229
236
248
259
263
280
286
292
301
305
314
318
326
332
338
343
345
351
359
364
365
371
370
369
373
375
376
378
369
372
373
367
368
359
360
355
350
349
347
340
333
321
316
317
304
292
282
276
268
262
250
238
224
215
203
190
181
166
157
140
130
120
110
90
82
66
49
33
18
6
-8
-20
-33
-51
-62
-79
-95
-110
-125
-143
-162
-178
-199
-214
-230
-252
-268
-279
-298
-314
-329
-346
-364
-383
-400
-416
-439
-454
-471
-490
-505
-525
-539
-562
-579
-591
-612
-630
-646
-671
-691
-710
-724
-744
-757
-780
-797
-810
-828
-843
-862
-879
-894
-912
-923
-940
-964
-975
-994
-1006
-1023
-1040
-1054
-1075
-1091
-1110
-1124
-1136
-1153
-1173
-1187
-1202
-1219
-1233
-1253
-1262
-1284
-1291
-1308
-1322
-1337
-1349
-1364
-1378
-1395
-1405
-1417
-1430
-1446
-1461
-1469
-1485
-1497
-1507
-1517
-1525
-1540
-1548
-1560
-1570
-1579
-1596
-1606
-1612
-1623
-1624
-1635
-1644
-1652
-1659
-1661
-1672
-1684
-1682
-1691
-1695
-1701
-1707
-1712
-1722
-1724
-1724
-1723
-1734
-1738
-1737
-1735
-1737
-1739
-1739
-1742
-1747
-1743
-1739
-1740
-1738
-1737
-1730
-1731
-1726
-1727
-1722
-1721
-1716
-1713
-1706
-1698
-1696
-1685
-1682
-1671
-1666
-1653
-1646
-1642
-1635
-1628
-1614
-1605
-1597
-1589
-1577
-1561
-1554
-1537
-1525
-1510
-1493
-1482
-1467
-1454
-1441
-1425
-1412
-1395
-1378
-1364
-1346
-1326
-1311
-1296
-1279
-1263
-1238
-1220
-1198
-1182
-1159
-1139
-1121
-1097
-1077
-1053
-1038
-1015
-991
-969
-950
-929
-906
-883
-859
-835
-812
-789
-760
-734
-712
-693
-669
-641
-620
-599
-573
-550
-527
-504
-478
-457
-430
-407
-385
-359
-338
-311
-287
-265
-247
-218
-194
-176
-152
-128
-103
-87
-61
-34
-18
4
22
41
67
83
107
121
141
161
181
199
219
237
258
273
295
311
332
350
369
384
399
415
437
457
470
492
505
520
539
555
570
584
598
619
630
641
657
667
682
695
711
723
730
744
755
760
773
786
791
800
809
821
827
841
842
854
860
866
870
873
887
891
892
894
904
901
910
914
916
914
918
920
921
924
924
924
927
925
919
925
922
920
912
914
916
909
904
900
899
895
894
886
882
875
871
865
861
861
855
856
845
843
842
832
831
823
821
818
813
810
807
806
799
796
793
781
781
786
785
776
776
775
775
773
773
774
777
776
773
774
774
777
777
784
786
786
793
796
800
807
818
822
825
837
845
852
865
872
882
892
903
916
925
939
952
968
982
1000
1012
1025
1040
1055
1076
1090
1102
1121
1143
1158
1177
1192
1211
1229
1249
1271
1294
1308
1333
1349
1368
1398
1417
1441
1468
1485
1514
1534
1559
1584
1604
1627
1643
1672
1694
1710
1741
1760
1782
1804
1827
1847
1867
1888
1908
1930
1952
1979
1994
2018
2038
2055
2077
2098
2115
2133
2157
2171
2189
2212
2227
2242
2255
2274
2287
2306
2324
2337
2347
2364
2383
2395
2410
2418
2433
2444
2457
2468
2480
2494
2503
2515
2522
2535
2542
2546
2554
2567
2577
2579
2587
2601
2603
2615
2620
2624
2632
2635
2647
2657
2657
2660
2670
2668
2680
2680
2683
2688
2692
2700
2707
2710
2713
2715
2712
2719
2721
2726
2730
2727
2727
2735
2736
2733
2731
2730
2728
2724
2724
2726
2727
2715
2720
2708
2704
2705
2693
2688
2680
2674
2672
2666
2654
2646
2636
2621
2613
2600
2590
2580
2564
2555
2541
2525
2510
2491
2477
2460
2439
2420
2393
2376
2355
2333
2320
2296
2269
2252
2232
2205
2184
2159
2133
2107
2079
2051
2025
2004
1972
1941
1911
1885
1855
1823
1792
1764
1730
1698
1664
1631
1593
1558
1521
1485
1450
1418
1380
1339
1306
1268
1229
1191
1157
1118
1079
1038
1001
963
916
878
837
792
753
706
669
629
585
542
496
456
410
364
321
278
234
191
149
98
56
13
-39
-84
-128
-170
-220
-261
-303
-351
-400
-446
-500
-545
-589
-641
-684
-734
-781
-826
-876
-918
-969
-1015
-1053
-1102
-1157
-1202
-1248
-1305
-1349
-1394
-1448
-1496
-1546
-1589
-1635
-1685
-1729
-1779
-1827
-1870
-1922
-1968
-2014
-2069
-2108
-2159
-2209
-2252
-2293
-2343
-2393
-2439
-2483
-2528
-2571
-2614
-2660
-2699
-2744
-2788
-2831
-2875
-2917
-2957
-2996
-3038
-3077
-3118
-3149
-3193
-3230
-3264
-3305
-3340
-3377
-3415
-3446
-3483
-3511
-3539
-3575
-3608
-3635
-3663
-3696
-3724
-3748
-3778
-3804
-3829
-3853
-3878
-3899
-3929
-3946
-3966
-3988
-4005
-4023
-4041
-4058
-4067
-4084
-4100
-4114
-4127
-4136
-4144
-4156
-4164
-4169
-4178
-4178
-4181
-4190
-4193
-4197
-4195
-4193
-4196
-4196
-4195
-4186
-4181
-4176
-4166
-4159
-4155
-4147
-4132
-4122
-4113
-4094
-4075
-4063
-4046
-4032
-4019
-3996
-3979
-3963
-3942
-3922
-3903
-3880
-3853
-3828
-3799
-3774
-3748
-3725
-3697
-3664
-3639
-3606
-3573
-3536
-3513
-3476
-3442
-3413
-3379
-3346
-3312
-3276
-3239
-3206
-3166
-3126
-3092
-3056
-3012
-2976
-2939
-2902
-2860
-2823
-2789
-2746
-2705
-2663
-2629
-2590
-2554
-2517
-2474
-2438
-2399
-2364
-2324
-2289
-2253
-2213
-2180
-2147
-2109
-2073
-2041
-2004
-1974
-1941
-1906
-1873
-1847
-1814
-1782
-1751
-1718
-1690
-1658
-1634
-1607
-1581
-1559
-1529
-1503
-1484
-1461
-1435
-1417
-1392
-1369
-1350
-1331
-1313
-1296
-1278
-1256
-1244
-1235
-1213
-1204
-1195
-1180
-1167
-1161
-1151
-1140
-1132
-1125
-1118
-1111
-1104
-1101
-1091
-1088
-1084
-1083
-1077
-1075
-1074
-1070
-1072
-1073
-1072
-1075
-1074
-1079
-1085
-1087
-1088
-1091
-1098
-1101
-1099
-1111
-1115
-1121
-1126
-1130
-1141
-1148
-1157
-1161
-1168
-1182
-1186
-1190
-1198
-1208
-1216
-1225
-1237
-1239
-1252
-1258
-1265
-1275
-1281
-1291
-1300
-1312
-1315
-1328
-1330
-1341
-1357
-1366
-1376
-1379
-1388
-1393
-1399
-1410
-1410
-1415
-1422
-1425
-1435
-1433
-1439
-1446
-1451
-1454
-1453
-1460
-1456
-1462
-1463
-1463
-1465
-1464
-1465
-1468
-1469
-1475
-1472
-1468
-1466
-1467
-1467
-1470
-1466
-1460
-1465
-1462
-1457
-1450
-1453
-1450
-1448
-1443
-1437
-1435
-1432
-1431
-1429
-1419
-1421
-1416
-1418
-1417
-1411
-1405
-1405
-1403
-1396
-1399
-1390
-1389
-1386
-1381
-1377
-1373
-1369
-1363
-1362
-1363
-1357
-1355
-1350
-1346
-1344
-1337
-1339
-1331
-1331
-1325
-1325
-1318
-1319
-1307
-1306
-1305
-1300
-1298
-1294
-1286
-1281
-1282
-1278
-1275
-1270
-1268
-1267
-1259
-1248
-1247
-1242
-1235
-1229
-1224
-1222
-1216
-1211
-1206
-1202
-1196
-1192
-1182
-1180
-1170
-1159
-1156
-1146
-1144
-1131
-1127
-1119
-1115
-1102
-1096
-1093
-1082
-1070
-1065
-1055
-1045
-1042
-1030
-1023
-1010
-1003
-995
-987
-974
-961
-958
-946
-934
-921
-911
-902
-889
-876
-863
-854
-843
-830
-813
-809
-794
-782
-773
-756
-743
-736
-716
-703
-696
-680
-670
-661
-643
-632
-620
-607
-593
-587
-579
-566
-559
-543
-536
-525
-512
-503
-492
-483
-469
-456
-452
-442
-433
-423
-414
-412
-406
-395
-387
-381
-369
-364
-357
-352
-346
-341
-331
-325
-328
-325
-320
-313
-311
-313
-312
-314
-307
-306
-307
-309
-310
-308
-311
-312
-318
-315
-327
-328
-333
-340
-344
-351
-351
-360
-361
-375
-381
-388
-395
-402
-410
-417
-430
-441
-451
-456
-469
-481
-487
-496
-515
-526
-534
-550
-560
-570
-585
-596
-607
-621
-633
-643
-658
-672
-689
-699
-713
-723
-739
-753
-768
-781
-794
-811
-824
-836
-847
-864
-872
-891
-905
-914
-930
-941
-954
-970
-980
-993
-1004
-1014
-1022
-1037
-1052
-1063
-1071
-1074
-1090
-1098
-1110
-1122
-1133
-1140
-1151
-1154
-1166
-1175
-1187
-1190
-1197
-1203
-1207
-1216
-1220
-1226
-1228
-1233
-1234
-1238
-1240
-1243
-1245
-1245
-1250
-1245
-1250
-1247
-1249
-1251
-1246
-1246
-1240
-1243
-1237
-1234
-1232
-1225
-1222
-1218
-1217
-1209
-1200
-1196
-1193
-1185
-1176
-1171
-1163
-1155
-1148
-1139
-1134
-1124
-1113
-1103
-1092
-1081
-1077
-1060
-1045
-1042
-1025
-1012
-1000
-986
-971
-963
-949
-937
-923
-909
-896
-882
-863
-849
-834
-820
-804
-789
-778
-755
-742
-726
-709
-688
-670
-651
-630
-615
-600
-577
-561
-544
-520
-507
-490
-469
-457
-435
-420
-397
-382
-364
-342
-327
-305
-286
-267
-247
-223
-203
-185
-164
-141
-124
-99
-87
-68
-40
-24
2
22
45
64
88
110
129
151
170
193
213
235
260
283
306
323
344
360
388
403
424
442
464
483
505
530
548
565
588
605
621
643
666
682
699
720
736
756
774
792
808
829
843
855
873
891
906
924
937
952
969
983
992
1007
1025
1038
1052
1064
1073
1089
1101
1110
1122
1135
1144
1149
1158
1170
1179
1187
1196
1204
1214
1219
1222
1229
1235
1243
1250
1252
1255
1262
1261
1269
1274
1278
1280
1282
1280
1286
1284
1286
1288
1282
1290
1279
1281
1283
1283
1280
1280
1278
1277
1276
1272
1276
1272
1272
1268
1264
1264
1260
1256
1251
1246
1249
1238
1239
1241
1235
1227
1222
1223
1219
1214
1213
1208
1203
1198
1194
1192
1194
1185
1183
1177
1176
1177
1174
1170
1166
1160
1155
1152
1150
1152
1144
1140
1142
1136
1131
1128
1125
1120
1118
1116
1110
1104
1103
1105
1104
1094
1095
1089
1087
1090
1084
1090
1092
1088
1086
1086
1092
1089
1088
1089
1088
1089
1090
1101
1097
1103
1101
1110
1112
1121
1123
1126
1132
1134
1140
1140
1143
1152
1156
1156
1165
1171
1178
1179
1181
1191
1194
1203
1210
1213
1217
1229
1233
1238
1248
1252
1262
1265
1272
1275
1282
1288
1292
1296
1304
1313
1316
1322
1328
1333
1343
1344
1350
1352
1359
1363
1364
1373
1379
1378
1382
1388
1389
1394
1395
1401
1406
1403
1410
1409
1411
1413
1422
1425
1427
1425
1426
1429
1427
1425
1429
1426
1430
1428
1428
1424
1422
1423
1419
1424
1422
1410
1410
1405
1397
1398
1394
1382
1380
1374
1368
1369
1363
1358
1351
1344
1343
1335
1322
1325
1315
1303
1301
1289
1283
1278
1267
1260
1247
1241
1229
1223
1217
1206
1197
1191
1185
1170
1164
1156
1143
1127
1131
1111
1106
1092
1089
1079
1069
1061
1052
1044
1034
1026
1017
1010
1004
993
987
980
972
970
958
953
946
936
931
931
921
918
915
909
905
897
899
891
888
884
881
878
874
873
868
868
870
865
863
862
861
872
869
866
872
871
879
877
883
884
887
894
898
905
907
914
915
922
933
940
950
955
963
973
979
991
1002
1007
1018
1029
1041
1050
1058
1075
1085
1098
1114
1125
1139
1151
1162
1176
1195
1202
1219
1237
1253
1268
1286
1303
1322
1338
1354
1373
1391
1403
1424
1448
1460
1476
1504
1519
1539
1561
1578
1598
1621
1642
1659
1682
1701
1726
1746
1768
1791
1810
1834
1854
1878
1902
1926
1946
1971
1993
2019
2039
2060
2080
2100
2124
2144
2169
2196
2217
2241
2266
2291
2314
2335
2358
2386
2408
2435
2457
2486
2512
2537
2564
2591
2619
2642
2666
2688
2716
2741
2763
2799
2829
2849
2875
2906
2930
2964
2987
3017
3045
3069
3097
3128
3157
3189
3218
3241
3278
3305
3336
3371
3398
3426
3451
3481
3517
3540
3567
3602
3629
3655
3688
3718
3746
3774
3804
3826
3854
3882
3907
3935
3957
3984
4004
4031
4057
4076
4097
4121
4144
4162
4181
4201
4223
4237
4257
4273
4289
4303
4314
4329
4351
4358
4367
4382
4390
4405
4410
4419
4428
4438
4437
4446
4450
4455
4458
4456
4456
4460
4455
4455
4456
4447
4447
4442
4438
4429
4424
4419
4409
4396
4393
4378
4366
4356
4343
4329
4319
4302
4288
4276
4261
4244
4224
4206
4185
4167
4142
4127
4104
4087
4059
4037
4018
3988
3968
3946
3929
3900
3873
3854
3825
3798
3773
3749
3726
3697
3668
3639
3615
3585
3561
3535
3506
3477
3450
3419
3388
3361
3332
3301
3272
3246
3215
3184
3153
3128
3096
3068
3042
3007
2976
2953
2918
2892
2862
2826
2801
2770
2742
2716
2686
2654
2623
2591
2557
2533
2499
2470
2441
2415
2387
2357
2328
2300
2269
2239
2213
2184
2157
2127
2101
2072
2044
2012
1983
1953
1926
1901
1869
1836
1808
1777
1747
1717
1689
1662
1631
1603
1574
1546
1520
1491
1463
1434
1402
1379
1348
1321
1292
1266
1238
1207
1182
1151
1128
1101
1075
1042
1016
988
961
935
907
883
857
826
805
777
749
728
697
670
646
620
595
569
542
515
488
467
445
413
392
365
339
313
289
264
239
219
190
163
141
115
96
69
45
20
-5
-30
-53
-73
-100
-130
-148
-176
-199
-223
-246
-273
-298
-313
-337
-357
-384
-407
-424
-444
-466
-484
-505
-527
-546
-569
-589
-613
-635
-654
-672
-699
-714
-735
-753
-773
-792
-806
-827
-848
-862
-881
-901
-910
-933
-951
-969
-987
-1000
-1019
-1036
-1049
-1065
-1078
-1092
-1105
-1119
-1131
-1148
-1161
-1176
-1186
-1202
-1212
-1229
-1242
-1256
-1266
-1282
-1297
-1311
-1322
-1333
-1345
-1358
-1370
-1379
-1395
-1404
-1414
-1427
-1438
-1452
-1465
-1481
-1487
-1508
-1517
-1526
-1539
-1550
-1565
-1576
-1583
-1603
-1619
-1628
-1638
-1654
-1670
-1685
-1692
-1711
-1726
-1736
-1752
-1763
-1777
-1794
-1812
-1830
-1842
-1853
-1872
-1885
-1903
-1919
-1934
-1951
-1964
-1978
-1993
-2010
-2020
-2038
-2053
-2064
-2082
-2101
-2109
-2129
-2145
-2154
-2170
-2188
-2202
-2216
-2232
-2245
-2258
-2269
-2290
-2299
-2309
-2325
-2335
-2348
-2362
-2374
-2384
-2399
-2406
-2416
-2430
-2448
-2458
-2466
-2480
-2488
-2496
-2511
-2522
-2529
-2533
-2544
-2549
-2554
-2561
-2564
-2570
-2578
-2579
-2583
-2580
-2586
-2585
-2588
-2592
-2593
-2591
-2593
-2591
-2584
-2588
-2579
-2575
-2574
-2571
-2561
-2550
-2553
-2537
-2529
-2525
-2514
-2508
-2495
-2486
-2474
-2467
-2457
-2436
-2429
-2413
-2398
-2391
-2373
-2362
-2348
-2336
-2315
-2304
-2285
-2270
-2244
-2222
-2210
-2195
-2174
-2157
-2141
-2118
-2102
-2080
-2059
-2040
-2019
-1998
-1977
-1960
-1939
-1917
-1897
-1870
-1852
-1830
-1810
-1788
-1771
-1751
-1731
-1711
-1694
-1678
-1657
-1642
-1623
-1604
-1584
-1569
-1553
-1535
-1513
-1502
-1486
-1468
-1450
-1433
-1413
-1402
-1388
-1373
-1362
-1350
-1337
-1320
-1310
-1299
-1290
-1280
-1272
-1262
-1247
-1242
-1235
-1226
-1218
-1214
-1207
-1203
-1199
-1194
-1189
-1185
-1187
-1179
-1181
-1180
-1181
-1181
-1182
-1178
-1185
-1187
-1190
-1197
-1202
-1211
-1213
-1215
-1220
-1227
-1235
-1241
-1250
-1259
-1268
-1277
-1284
-1298
-1311
-1318
-1329
-1342
-1353
-1365
-1378
-1389
-1406
-1426
-1436
-1448
-1464
-1481
-1493
-1506
-1524
-1539
-1552
-1571
-1587
-1604
-1626
-1645
-1661
-1680
-1695
-1710
-1728
-1756
-1772
-1787
-1807
-1829
-1849
-1866
-1886
-1906
-1925
-1943
-1961
-1981
-2003
-2020
-2039
-2062
-2080
-2100
-2115
-2141
-2160
-2177
-2198
-2211
-2231
-2245
-2263
-2280
-2299
-2320
-2330
-2353
-2372
-2386
-2403
-2413
-2432
-2448
-2461
-2474
-2494
-2497
-2515
-2538
-2541
-2547
-2559
-2570
-2581
-2589
-2601
-2606
-2613
-2624
-2630
-2636
-2642
-2641
-2651
-2658
-2656
-2664
-2670
-2670
-2670
-2675
-2683
-2679
-2684
-2684
-2680
-2684
-2679
-2680
-2679
-2680
-2683
-2680
-2683
-2676
-2672
-2672
-2664
-2664
-2658
-2658
-2653
-2649
-2645
-2645
-2642
-2635
-2636
-2633
-2638
-2640
-2636
-2634
-2633
-2629
-2632
-2636
-2636
-2633
-2630
-2639
-2638
-2636
-2638
-2634
-2637
-2644
-2641
-2648
-2649
-2653
-2657
-2655
-2666
-2669
-2675
-2685
-2688
-2699
-2714
-2720
-2730
-2743
-2752
-2762
-2772
-2783
-2797
-2810
-2823
-2839
-2856
-2874
-2886
-2898
-2917
-2930
-2954
-2971
-2990
-3006
-3023
-3050
-3070
-3086
-3110
-3130
-3152
-3175
-3198
-3223
-3240
-3267
-3292
-3316
-3341
-3367
-3393
-3420
-3450
-3479
-3501
-3526
-3552
-3580
-3607
-3636
-3664
-3692
-3719
-3744
-3770
-3800
-3824
-3848
-3872
-3902
-3929
-3954
-3978
-4000
-4027
-4051
-4072
-4096
-4116
-4139
-4159
-4177
-4201
-4218
-4230
-4253
-4267
-4285
-4295
-4306
-4321
-4332
-4346
-4359
-4365
-4379
-4385
-4390
-4401
-4400
-4403
-4404
-4405
-4406
-4408
-4403
-4399
-4391
-4390
-4385
-4375
-4371
-4362
-4352
-4336
-4323
-4311
-4299
-4282
-4268
-4249
-4231
-4206
-4187
-4166
-4137
-4119
-4088
-4060
-4028
-3997
-3970
-3932
-3903
-3867
-3830
-3791
-3749
-3713
-3667
-3630
-3587
-3549
-3504
-3460
-3408
-3358
-3314
-3266
-3215
-3167
-3115
-3063
-3006
-2954
-2901
-2849
-2786
-2729
-2675
-2613
-2549
-2493
-2433
-2368
-2310
-2248
-2181
-2118
-2051
-1985
-1920
-1858
-1789
-1723
-1654
-1586
-1513
-1445
-1380
-1309
-1238
-1169
-1097
-1027
-961
-886
-815
-748
-676
-609
-537
-465
-390
-325
-248
-178
-111
-33
35
107
175
242
311
383
451
522
592
660
730
799
869
933
998
1065
1128
1190
1253
1322
1384
1446
1507
1573
1632
1686
1748
1805
1865
1924
1979
2031
2083
2141
2189
2244
2292
2346
2397
2447
2494
2536
2584
2629
2671
2718
2759
2799
2834
2871
2913
2950
2983
3029
3062
3099
3127
3162
3195
3230
3258
3287
3317
3346
3372
3399
3431
3455
3482
3505
3528
3551
3575
3592
3617
3631
3655
3671
3691
3709
3722
3740
3757
3768
3784
3799
3811
3826
3834
3851
3859
3873
3883
3888
3898
3905
3915
3925
3932
3938
3948
3952
3961
3971
3975
3974
3979
3982
3988
3990
3994
3999
4003
4003
4002
4002
4003
4008
4004
4006
4010
4000
3996
3996
3994
3988
3989
3989
3980
3975
3970
3963
3954
3948
3944
3940
3934
3923
3913
3905
3891
3880
3875
3863
3854
3839
3823
3815
3805
3778
3762
3749
3731
3717
3698
3678
3661
3646
3624
3604
3581
3563
3535
3512
3493
3464
3445
3421
3391
3371
3347
3318
3293
3265
3235
3206
3176
3151
3118
3090
3054
3026
2995
2958
2927
2896
2858
2824
2788
2752
2713
2678
2645
2607
2574
2536
2495
2456
2418
2375
2337
2296
2260
2218
2180
2136
2095
2052
2011
1973
1927
1883
1841
1802
1754
1716
1672
1625
1578
1539
1494
1446
1398
1352
1307
1262
1222
1174
1127
1081
1037
991
943
896
855
807
762
716
668
621
577
540
491
446
399
354
312
263
223
182
135
94
47
7
-32
-75
-113
-155
-193
-232
-270
-307
-346
-377
-414
-450
-483
-519
-546
-574
-605
-631
-661
-689
-710
-731
-763
-783
-801
-826
-840
-854
-876
-891
-906
-912
-922
-932
-943
-947
-952
-960
-964
-966
-965
-969
-962
-959
-954
-948
-939
-929
-912
-902
-887
-876
-855
-843
-821
-801
-785
-765
-745
-721
-697
-677
-647
-620
-590
-562
-534
-501
-477
-444
-411
-375
-340
-310
-275
-241
-209
-173
-136
-99
-60
-27
13
48
89
125
166
198
242
286
320
356
394
430
471
507
543
584
620
656
693
726
766
797
830
868
901
935
967
1004
1029
1061
1093
1120
1155
1180
1210
1236
1264
1286
1311
1332
1351
1372
1396
1418
1440
1460
1483
1499
1506
1522
1539
1550
1564
1570
1580
1591
1600
1610
1609
1614
1616
1618
1619
1617
1615
1615
1610
1604
1599
1589
1578
1565
1561
1547
1534
1521
1501
1484
1462
1446
1422
1397
1373
1345
1318
1293
1259
1227
1192
1156
1124
1088
1049
1006
964
923
886
838
786
743
693
647
599
544
488
432
373
321
263
208
153
91
28
-37
-103
-172
-236
-300
-364
-430
-504
-570
-632
-702
-770
-837
-905
-974
-1044
-1117
-1188
-1252
-1327
-1397
-1463
-1531
-1600
-1668
-1740
-1812
-1880
-1947
-2015
-2078
-2142
-2207
-2276
-2336
-2403
-2465
-2522
-2583
-2642
-2705
-2766
-2822
-2878
-2933
-2987
-3042
-3097
-3146
-3200
-3248
-3293
-3346
-3395
-3440
-3479
-3523
-3565
-3609
-3652
-3690
-3729
-3759
-3799
-3831
-3860
-3890
-3923
-3958
-3981
-4014
-4034
-4058
-4087
-4108
-4131
-4148
-4168
-4184
-4208
-4217
-4238
-4255
-4267
-4278
-4292
-4307
-4316
-4329
-4333
-4346
-4352
-4357
-4365
-4370
-4380
-4381
-4380
-4386
-4389
-4387
-4392
-4392
-4392
-4386
-4381
-4378
-4377
-4370
-4366
-4365
-4349
-4350
-4344
-4335
-4327
-4317
-4307
-4298
-4290
-4275
-4265
-4252
-4245
-4234
-4219
-4206
-4193
-4178
-4165
-4152
-4137
-4121
-4107
-4094
-4079
-4061
-4046
-4033
-4015
-4006
-3989
-3969
-3956
-3943
-3926
-3910
-3897
-3879
-3865
-3848
-3829
-3816
-3803
-3783
-3772
-3760
-3741
-3728
-3722
-3704
-3690
-3680
-3670
-3653
-3652
-3642
-3630
-3621
-3614
-3604
-3595
-3589
-3579
-3577
-3571
-3572
-3569
-3562
-3556
-3561
-3558
-3547
-3549
-3545
-3551
-3549
-3544
-3549
-3546
-3556
-3548
-3551
-3551
-3552
-3562
-3559
-3563
-3562
-3565
-3572
-3574
-3576
-3579
-3582
-3578
-3575
-3581
-3579
-3581
-3580
-3574
-3575
-3578
-3575
-3572
-3567
-3561
-3558
-3547
-3538
-3532
-3529
-3516
-3505
-3494
-3482
-3472
-3460
-3447
-3435
-3417
-3398
-3376
-3361
-3339
-3312
-3292
-3267
-3243
-3218
-3192
-3163
-3133
-3102
-3070
-3038
-3006
-2974
-2935
-2899
-2858
-2817
-2775
-2733
-2690
-2642
-2597
-2555
-2508
-2459
-2416
-2362
-2308
-2264
-2210
-2160
-2102
-2048
-1995
-1939
-1882
-1827
-1765
-1705
-1648
-1587
-1530
-1465
-1403
-1341
-1277
-1210
-1147
-1081
-1013
-946
-884
-812
-741
-667
-603
-527
-452
-386
-308
-236
-159
-82
-9
67
153
226
303
387
463
544
627
711
795
877
963
1039
1129
1217
1303
1388
1473
1570
1655
1743
1840
1935
2023
2113
2212
2305
2395
2495
2587
2684
2788
2886
2981
3080
3179
3284
3381
3483
3584
3684
3786
3888
3988
4094
4199
4298
4403
4507
4607
4714
4819
4917
5021
5127
5230
5333
5437
5543
5646
5747
5843
5949
6049
6151
6256
