16382
16384
16383
16384
16385
16382
16386
16386
16386
16384
16383
16386
16385
16386
16383
16385
16386
16386
16384
16387
16385
16383
16387
16388
16386
16384
16388
16386
16386
16384
16385
16383
16385
16385
16382
16385
16383
16385
16385
16384
16383
16381
16386
16384
16386
16383
16383
16381
16385
16383
16382
16387
16386
16386
16385
16383
16385
16380
16383
16382
16384
16384
16384
16385
16385
16386
16381
16382
16383
16387
16386
16386
16383
16382
16381
16385
16387
16383
16385
16382
16385
16384
16384
16383
16386
16382
16385
16385
16382
16384
16380
16385
16385
16382
16383
16384
16385
16386
16382
16383
16383
16385
16385
16387
16386
16385
16384
16383
16385
16385
16385
16384
16385
16383
16384
16386
16383
16385
16383
16386
16382
16385
16385
16382
16385
16383
16388
16385
16385
16386
16387
16388
16387
16387
16385
16384
16383
16384
16383
16384
16384
16384
16383
16382
16384
16387
16385
16383
16385
16386
16387
16385
16386
16384
16385
16387
16384
16385
16385
16386
16383
16387
16385
16386
16384
16382
16384
16384
16385
16383
16384
16385
16385
16385
16385
16384
16384
16386
16385
16385
16385
16385
16384
16387
16386
16384
16386
16386
16386
16387
16387
16384
16387
16387
16385
16383
16385
16385
16385
16386
16386
16386
16386
16387
16386
16386
16383
16383
16384
16384
16385
16384
16382
16388
16384
16384
16385
16387
16384
16385
16384
16384
16385
16384
16385
16381
16382
16387
16385
16383
16384
16382
16385
16385
16385
16385
16384
16384
16384
16384
16382
16383
16384
16383
16383
16383
16382
16383
16384
16380
16382
16382
16382
16383
16384
16384
16383
16383
16381
16383
16383
16382
16383
16383
16385
16381
16385
16386
16384
16385
16383
16383
16382
16384
16382
16380
16382
16385
16161
15827
15489
15154
14819
14478
14134
13790
13453
13109
12761
12414
12062
11716
11374
11027
10682
10335
9989
9642
9297
8954
8608
8267
7924
7577
7236
6893
6551
6214
5873
5530
5190
4849
4515
4176
3836
3508
