-2771
-2800
-2827
-2864
-2894
-2929
-2964
-2998
-3040
-3079
-3111
-3147
-3176
-3218
-3252
-3289
-3327
-3362
-3402
-3440
-3475
-3514
-3562
-3601
-3641
-3687
-3728
-3770
-3812
-3851
-3899
-3945
-3992
-4039
-4089
-4137
-4191
-4245
-4292
-4349
-4403
-4464
-4521
-4577
-4636
-4702
-4760
-4822
-4884
-4953
-5019
-5088
-5156
-5221
-5290
-5355
-5422
-5495
-5563
-5632
-5709
-5772
-5840
-5904
-5973
-6042
-6107
-6170
-6234
-6296
-6353
-6407
-6462
-6517
-6569
-6622
-6664
-6706
-6751
-6790
-6828
-6864
-6897
-6928
-6965
-6992
-7018
-7039
-7059
-7084
-7103
-7119
-7136
-7152
-7161
-7178
-7188
-7193
-7202
-7212
-7213
-7215
-7222
-7220
-7216
-7212
-7203
-7190
-7183
-7174
-7153
-7138
-7117
-7095
-7067
-7035
-7006
-6977
-6944
-6903
-6861
-6816
-6772
-6724
-6669
-6616
-6559
-6495
-6433
-6367
-6296
-6224
-6153
-6074
-5991
-5913
-5824
-5736
-5651
-5556
-5460
-5363
-5268
-5165
-5061
-4958
-4854
-4745
-4641
-4535
-4422
-4315
-4202
-4092
-3975
-3873
-3759
-3656
-3543
-3426
-3329
-3216
-3110
-2999
-2897
-2789
-2681
-2568
-2470
-2363
-2254
-2151
-2044
-1947
-1842
-1741
-1643
-1537
-1434
-1339
-1239
-1140
-1043
-952
-858
-765
-673
-588
-500
-414
-339
-259
-187
-111
-49
24
89
142
202
254
307
356
400
439
483
517
552
588
615
639
667
696
715
736
758
775
797
812
825
839
843
853
865
872
878
889
890
892
895
891
890
878
872
859
853
845
825
812
793
774
756
735
715
691
665
