0	-0.191666667
0.004166667	0.05
0.008333333	0.204166667
0.0125	-0.041666667
0.016666667	-0.170833333
0.020833333	0.070833333
0.025	0.2125
0.029166667	-0.029166667
0.033333333	-0.1625
0.0375	0.1
0.041666667	0.233333333
0.045833333	0.008333333
0.05	-0.141666667
0.054166667	0.1
0.058333333	0.254166667
0.0625	0.029166667
0.066666667	-0.120833333
0.070833333	0.1125
0.075	0.283333333
0.079166667	0.0625
0.083333333	-0.091666667
0.0875	0.133333333
0.091666667	0.304166667
0.095833333	0.0625
0.1	-0.083333333
0.104166667	0.154166667
0.108333333	0.316666667
0.1125	0.070833333
0.116666667	-0.070833333
0.120833333	0.170833333
0.125	0.316666667
0.129166667	0.083333333
0.133333333	-0.05
0.1375	0.183333333
0.141666667	0.316666667
0.145833333	0.091666667
0.15	-0.05
0.154166667	0.191666667
0.158333333	0.354166667
0.1625	0.141666667
0.166666667	0.008333333
0.170833333	0.283333333
0.175	0.5
0.179166667	0.283333333
0.183333333	0.141666667
0.1875	0.3875
0.191666667	0.558333333
0.195833333	0.325
0.2	0.183333333
0.204166667	0.416666667
0.208333333	0.5375
0.2125	0.254166667
0.216666667	0.1
0.220833333	0.325
0.225	0.5
0.229166667	0.2625
0.233333333	0.1125
0.2375	0.354166667
0.241666667	0.5
0.245833333	0.204166667
0.25	0.008333333
0.254166667	0.183333333
0.258333333	0.254166667
0.2625	-0.008333333
0.266666667	-0.170833333
0.270833333	0.070833333
0.275	0.225
0.279166667	0
0.283333333	-0.141666667
0.2875	0.070833333
0.291666667	0.204166667
0.295833333	-0.008333333
0.3	-0.154166667
0.304166667	0.070833333
0.308333333	-0.275
0.3125	0.254166667
0.316666667	0.008333333
0.320833333	0.1
0.325	0.1625
0.329166667	-0.191666667
0.333333333	-0.395833333
0.3375	-0.0625
0.341666667	0.245833333
0.345833333	0.141666667
0.35	0.233333333
0.354166667	0.8125
0.358333333	1.475
0.3625	1.879166667
0.366666667	2.625
0.370833333	3.8125
0.375	4.695833333
0.379166667	5.091666667
0.383333333	5.529166667
0.3875	6.129166667
0.391666667	6.383333333
0.395833333	6.058333333
0.4	5.783333333
0.404166667	5.9875
0.408333333	5.733333333
0.4125	4.879166667
0.416666667	4.1875
0.420833333	3.975
0.425	3.841666667
0.429166667	3.375
0.433333333	2.8875
0.4375	2.754166667
0.441666667	2.879166667
0.445833333	2.745833333
0.45	2.5625
0.454166667	2.541666667
0.458333333	2.258333333
0.4625	1.625
0.466666667	1.108333333
0.470833333	0.966666667
0.475	0.804166667
0.479166667	0.304166667
0.483333333	-0.029166667
0.4875	0.041666667
0.491666667	0.1
0.495833333	-0.154166667
0.5	-0.325
0.504166667	-0.1125
0.508333333	0.020833333
0.5125	-0.225
0.516666667	-0.3875
0.520833333	-0.141666667
0.525	0.008333333
0.529166667	-0.233333333
0.533333333	-0.366666667
0.5375	-0.133333333
0.541666667	0
0.545833333	-0.233333333
0.55	-0.375
0.554166667	-0.133333333
0.558333333	-0.008333333
0.5625	-0.245833333
0.566666667	-0.3875
0.570833333	-0.170833333
0.575	-0.041666667
0.579166667	-0.2625
0.583333333	-0.408333333
0.5875	-0.2125
0.591666667	-0.05
0.595833333	-0.295833333
0.6	-0.458333333
0.604166667	-0.283333333
0.608333333	-0.133333333
0.6125	-0.375
0.616666667	-0.558333333
0.620833333	-0.354166667
0.625	-0.233333333
0.629166667	-0.4875
0.633333333	-0.670833333
0.6375	-0.458333333
0.641666667	-0.354166667
0.645833333	-0.6
0.65	-0.754166667
0.654166667	-0.5375
0.658333333	-0.395833333
0.6625	-0.629166667
0.666666667	-0.720833333
0.670833333	-0.479166667
0.675	-0.283333333
0.679166667	-0.4375
0.683333333	-0.516666667
0.6875	-0.225
0.691666667	0.020833333
0.695833333	-0.1125
0.7	-0.154166667
0.704166667	0.1625
0.708333333	0.4375
0.7125	0.295833333
0.716666667	0.2125
0.720833333	0.508333333
0.725	0.7
0.729166667	0.479166667
0.733333333	0.316666667
0.7375	0.529166667
0.741666667	0.65
0.745833333	0.366666667
0.75	0.183333333
0.754166667	0.3875
0.758333333	0.4875
0.7625	0.225
0.766666667	0.070833333
0.770833333	0.2625
0.775	0.375
0.779166667	0.1625
0.783333333	0
0.7875	0.204166667
0.791666667	0.3375
0.795833333	0.1125
0.8	-0.029166667
0.804166667	0.154166667
0.808333333	0.295833333
0.8125	0.083333333
0.816666667	-0.083333333
0.820833333	0.120833333
0.825	0.283333333
0.829166667	0.041666667
0.833333333	-0.120833333
0.8375	0.1
0.841666667	0.245833333
0.845833333	0
0.85	-0.141666667
0.854166667	0.083333333
0.858333333	0.2125
0.8625	-0.041666667
0.866666667	-0.191666667
0.870833333	0.05
0.875	0.191666667
0.879166667	-0.041666667
0.883333333	-0.183333333
0.8875	0.041666667
0.891666667	0.183333333
0.895833333	-0.020833333
0.9	-0.170833333
0.904166667	0.05
0.908333333	0.225
0.9125	0
0.916666667	-0.154166667
0.920833333	0.083333333
0.925	0.254166667
0.929166667	0.029166667
0.933333333	-0.141666667
0.9375	0.1
0.941666667	0.275
0.945833333	0.041666667
0.95	-0.1125
0.954166667	0.141666667
0.958333333	0.295833333
0.9625	0.05
0.966666667	-0.091666667
0.970833333	0.154166667
0.975	0.304166667
0.979166667	0.083333333
0.983333333	-0.0625
0.9875	0.1625
0.991666667	0.304166667
0.995833333	0.091666667
