0	0.070833333
0.004166667	0.070833333
0.008333333	0.070833333
0.0125	0.0625
0.016666667	0.070833333
0.020833333	0.070833333
0.025	0.0625
0.029166667	0.0625
0.033333333	0.0625
0.0375	0.070833333
0.041666667	0.070833333
0.045833333	0.0625
0.05	0.083333333
0.054166667	0.083333333
0.058333333	0.083333333
0.0625	0.0625
0.066666667	0.091666667
0.070833333	0.1
0.075	0.091666667
0.079166667	0.091666667
0.083333333	0.1
0.0875	0.1125
0.091666667	0.1
0.095833333	0.1125
0.1	0.1125
0.104166667	0.120833333
0.108333333	0.1
0.1125	0.1
0.116666667	0.1125
0.120833333	0.1
0.125	0.1125
0.129166667	0.1
0.133333333	0.120833333
0.1375	0.1125
0.141666667	0.1
0.145833333	0.091666667
0.15	0.1
0.154166667	0.1125
0.158333333	0.091666667
0.1625	0.091666667
0.166666667	0.091666667
0.170833333	0.1
0.175	0.1
0.179166667	0.1
0.183333333	0.120833333
0.1875	0.1625
0.191666667	0.154166667
0.195833333	0.154166667
0.2	0.170833333
0.204166667	0.183333333
0.208333333	0.191666667
0.2125	0.1625
0.216666667	0.170833333
0.220833333	0.245833333
0.225	0.295833333
0.229166667	0.325
0.233333333	0.345833333
0.2375	0.354166667
0.241666667	0.354166667
0.245833333	0.325
0.25	0.295833333
0.254166667	0.275
0.258333333	0.2125
0.2625	0.183333333
0.266666667	0.154166667
0.270833333	0.091666667
0.275	0.083333333
0.279166667	0.029166667
0.283333333	0.029166667
0.2875	0.020833333
0.291666667	0.008333333
0.295833333	0.008333333
0.3	0.008333333
0.304166667	0.008333333
0.308333333	0
0.3125	0.008333333
0.316666667	0.008333333
0.320833333	0.029166667
0.325	0.008333333
0.329166667	0.008333333
0.333333333	0
0.3375	0.020833333
0.341666667	-0.020833333
0.345833333	0.0625
0.35	0.3375
0.354166667	0.754166667
0.358333333	1.2
0.3625	1.595833333
0.366666667	1.85
0.370833333	1.829166667
0.375	1.4125
0.379166667	0.691666667
0.383333333	0.133333333
0.3875	-0.141666667
0.391666667	-0.191666667
0.395833333	-0.070833333
0.4	0.008333333
0.404166667	0.041666667
0.408333333	0.070833333
0.4125	0.0625
0.416666667	0.05
0.420833333	0.05
0.425	0.0625
0.429166667	0.05
0.433333333	0.0625
0.4375	0.0625
0.441666667	0.070833333
0.445833333	0.070833333
0.45	0.083333333
0.454166667	0.1
0.458333333	0.1
0.4625	0.091666667
0.466666667	0.120833333
0.470833333	0.1
0.475	0.120833333
0.479166667	0.120833333
0.483333333	0.133333333
0.4875	0.154166667
0.491666667	0.154166667
0.495833333	0.170833333
0.5	0.191666667
0.504166667	0.204166667
0.508333333	0.2125
0.5125	0.233333333
0.516666667	0.245833333
0.520833333	0.275
0.525	0.295833333
0.529166667	0.304166667
0.533333333	0.345833333
0.5375	0.375
0.541666667	0.408333333
0.545833333	0.4375
0.55	0.4875
0.554166667	0.5375
0.558333333	0.591666667
0.5625	0.608333333
0.566666667	0.679166667
0.570833333	0.7125
0.575	0.733333333
0.579166667	0.7625
0.583333333	0.791666667
0.5875	0.783333333
0.591666667	0.791666667
0.595833333	0.783333333
0.6	0.783333333
0.604166667	0.7625
0.608333333	0.720833333
0.6125	0.679166667
0.616666667	0.641666667
0.620833333	0.579166667
0.625	0.529166667
0.629166667	0.445833333
0.633333333	0.408333333
0.6375	0.366666667
0.641666667	0.304166667
0.645833333	0.2625
0.65	0.233333333
0.654166667	0.191666667
0.658333333	0.183333333
0.6625	0.1625
0.666666667	0.133333333
0.670833333	0.133333333
0.675	0.133333333
0.679166667	0.091666667
0.683333333	0.083333333
0.6875	0.1
0.691666667	0.091666667
0.695833333	0.083333333
0.7	0.083333333
0.704166667	0.091666667
0.708333333	0.083333333
0.7125	0.0625
0.716666667	0.070833333
0.720833333	0.083333333
0.725	0.083333333
0.729166667	0.070833333
0.733333333	0.070833333
0.7375	0.0625
0.741666667	0.070833333
0.745833333	0.0625
0.75	0.0625
0.754166667	0.0625
0.758333333	0.05
0.7625	0.041666667
0.766666667	0.0625
0.770833333	0.0625
0.775	0.0625
0.779166667	0.05
0.783333333	0.041666667
0.7875	0.0625
0.791666667	0.0625
0.795833333	0.0625
0.8	0.083333333
0.804166667	0.083333333
0.808333333	0.083333333
0.8125	0.083333333
0.816666667	0.083333333
0.820833333	0.1
0.825	0.083333333
0.829166667	0.1125
0.833333333	0.1
0.8375	0.1
0.841666667	0.1125
0.845833333	0.1
0.85	0.1
0.854166667	0.1
0.858333333	0.1
0.8625	0.1
0.866666667	0.091666667
0.870833333	0.1125
0.875	0.1
0.879166667	0.091666667
0.883333333	0.091666667
0.8875	0.1
0.891666667	0.1
0.895833333	0.091666667
0.9	0.1
0.904166667	0.1
0.908333333	0.1125
0.9125	0.120833333
0.916666667	0.1
0.920833333	0.133333333
0.925	0.120833333
0.929166667	0.120833333
0.933333333	0.133333333
0.9375	0.1625
0.941666667	0.1625
0.945833333	0.170833333
0.95	0.191666667
0.954166667	0.225
0.958333333	0.233333333
0.9625	0.245833333
0.966666667	0.245833333
0.970833333	0.2625
0.975	0.2625
0.979166667	0.254166667
0.983333333	0.245833333
0.9875	0.233333333
0.991666667	0.225
0.995833333	0.204166667
