-0.1
-0.1125
-0.083333333
-0.05
-0.070833333
-0.083333333
-0.0625
-0.020833333
-0.05
-0.070833333
-0.020833333
0.020833333
-0.008333333
-0.041666667
-0.008333333
0.029166667
0
-0.008333333
0.029166667
0.0625
0.029166667
0.020833333
0.05
0.083333333
0.05
0.029166667
0.070833333
0.1
0.070833333
0.0625
0.091666667
0.120833333
0.091666667
0.070833333
0.1
0.133333333
0.1125
0.083333333
0.120833333
0.133333333
0.1125
0.091666667
0.120833333
0.141666667
0.1125
0.091666667
0.133333333
0.170833333
0.170833333
0.170833333
0.204166667
0.283333333
0.295833333
0.345833333
0.408333333
0.466666667
0.479166667
0.5
0.516666667
0.516666667
0.466666667
0.416666667
0.395833333
0.375
0.325
0.295833333
0.316666667
0.275
0.120833333
0.008333333
0.020833333
0.041666667
0
-0.029166667
0
0.041666667
0.008333333
-0.029166667
0.041666667
0.154166667
0.408333333
0.8125
1.320833333
2.266666667
3.783333333
5.704166667
8.195833333
10.82916667
12.04583333
11.30416667
8.304166667
4.708333333
2.195833333
0.916666667
0.2625
0.029166667
-0.245833333
-0.254166667
-0.254166667
-0.2625
-0.325
-0.366666667
-0.345833333
-0.316666667
-0.366666667
-0.375
-0.345833333
-0.325
-0.354166667
-0.3875
-0.354166667
-0.325
-0.366666667
-0.3875
-0.345833333
-0.325
-0.366666667
-0.395833333
-0.354166667
-0.3375
-0.375
-0.395833333
-0.366666667
-0.366666667
-0.3875
-0.416666667
-0.3875
-0.366666667
-0.416666667
-0.458333333
-0.425
-0.408333333
-0.458333333
-0.4875
-0.466666667
-0.4375
-0.4875
-0.508333333
-0.479166667
-0.479166667
-0.516666667
-0.5375
-0.529166667
-0.508333333
-0.55
-0.570833333
-0.55
-0.516666667
-0.558333333
-0.579166667
-0.529166667
-0.508333333
-0.529166667
-0.529166667
-0.466666667
-0.416666667
-0.416666667
-0.408333333
-0.345833333
-0.2625
-0.275
-0.2625
-0.183333333
-0.120833333
-0.1125
-0.091666667
-0.020833333
0.020833333
0.008333333
0.008333333
0.05
0.091666667
0.041666667
0.020833333
0.070833333
0.083333333
0.05
0.020833333
0.05
0.091666667
0.041666667
0.020833333
0.041666667
0.0625
0.020833333
0
0.020833333
0.05
0
-0.029166667
0
0.029166667
-0.020833333
-0.05
-0.020833333
-0.008333333
-0.0625
-0.091666667
-0.070833333
-0.05
-0.1
-0.133333333
-0.1
-0.083333333
-0.133333333
-0.141666667
-0.120833333
-0.091666667
-0.133333333
-0.1625
-0.1125
-0.083333333
-0.120833333
-0.133333333
-0.091666667
-0.0625
-0.091666667
-0.1125
-0.0625
-0.029166667
-0.0625
-0.0625
-0.029166667
0
-0.029166667
-0.0625
0
0.008333333
-0.008333333
-0.029166667
0.008333333
0.041666667
0.008333333
0
0.041666667
0.0625
0.029166667
0.008333333
0.0625
0.091666667
