-0.425
0.170833333
0.5375
-0.0625
-0.445833333
0.170833333
0.529166667
-0.091666667
-0.458333333
0.133333333
0.516666667
-0.1125
-0.466666667
0.154166667
0.516666667
-0.120833333
-0.479166667
0.141666667
0.5
-0.133333333
-0.5
0.141666667
0.508333333
-0.120833333
-0.4875
0.133333333
0.5
-0.1125
-0.479166667
0.141666667
0.516666667
-0.1
-0.479166667
0.141666667
0.5375
-0.091666667
-0.458333333
0.170833333
0.5375
-0.083333333
-0.425
0.204166667
0.5375
-0.091666667
-0.4375
0.204166667
0.558333333
-0.0625
-0.425
0.170833333
0.55
-0.1
-0.55
0.008333333
0.325
-0.295833333
-0.641666667
-0.029166667
0.325
-0.233333333
-0.570833333
0.1
0.508333333
-0.1
-0.479166667
0.141666667
0.516666667
-0.120833333
-0.479166667
0.154166667
0.529166667
-0.1
-0.4375
0.141666667
-0.05
0.3375
-0.2125
0.416666667
0.966666667
0.6625
0.479166667
0.7625
0.591666667
-0.3875
-1.220833333
-1.158333333
-1.129166667
-2.083333333
-3.120833333
-3.295833333
-3.670833333
-4.8
-5.420833333
-4.920833333
-4.658333333
-5.4
-6.029166667
-5.825
-5.508333333
-5.929166667
-6.058333333
-5.204166667
-4.8
-5.479166667
-5.691666667
-4.745833333
-4.058333333
-4.383333333
-4.420833333
-3.3875
-2.491666667
-2.633333333
-2.5125
-1.4125
-0.558333333
-0.754166667
-0.783333333
0.091666667
0.591666667
0.020833333
-0.304166667
0.354166667
0.733333333
0.141666667
-0.204166667
0.375
0.7625
0.1625
-0.2125
0.3875
0.770833333
0.170833333
-0.2125
0.3875
0.783333333
0.170833333
-0.204166667
0.416666667
0.8125
0.204166667
-0.191666667
0.466666667
0.825
0.225
-0.133333333
0.529166667
0.904166667
0.304166667
-0.020833333
0.629166667
1.058333333
0.5
0.204166667
0.875
1.341666667
0.833333333
0.55
1.2625
1.75
1.279166667
0.9875
1.708333333
2.195833333
1.645833333
1.354166667
2.0125
2.420833333
1.808333333
1.391666667
1.941666667
2.204166667
1.483333333
0.975
1.433333333
1.645833333
0.904166667
0.408333333
0.875
1.129166667
0.4375
-0.029166667
0.4875
0.825
0.170833333
-0.275
0.295833333
0.670833333
0.020833333
-0.375
0.225
0.6
-0.020833333
-0.425
0.204166667
0.591666667
-0.029166667
-0.416666667
0.204166667
0.570833333
-0.029166667
-0.408333333
0.191666667
0.579166667
-0.020833333
-0.416666667
0.191666667
0.591666667
0
-0.395833333
0.204166667
0.620833333
0
-0.416666667
0.204166667
0.629166667
-0.020833333
-0.416666667
0.191666667
0.6
-0.05
-0.445833333
0.170833333
0.558333333
-0.070833333
-0.445833333
0.133333333
0.5375
-0.0625
-0.466666667
0.141666667
0.5375
-0.0625
-0.479166667
0.120833333
0.5375
-0.0625
-0.479166667
0.141666667
0.570833333
-0.05
